TrialNumber	StartTime	EndTime	CoherenceAngle	StaircaseNumber	CombinedResponse	CorrectVertical	CorrectHorizontal	GazeErrorHeadErrorStimulusDirection
0		47491.27	48371.68	0	2		True		True		True		(0.0, 0.0, 0.0)		0.2988932		0		NW
1		51557.61	52433.61	0	2		True		True		True		(0.0, 0.0, 0.0)		0.4138402		0		NW
2		55581.38	56398.65	40	1		True		True		True		(0.0, 0.0, 0.0)		0.3022954		0		SW
3		60546.18	61387.58	40	1		True		True		True		(0.0, 0.0, 0.0)		0.1755813		0		SW
4		64566.64	65284	40	2		True		True		True		(0.0, 0.0, 0.0)		0.1738313		0		NE
5		68587.07	69304.67	40	2		True		True		True		(0.0, 0.0, 0.0)		0.5733297		0		SE
6		72598.64	73269.12	80	1		True		True		True		(0.0, 0.0, 0.0)		0.2281962		0		SE
7		76615.3	77993.76	80	1		True		True		True		(0.0, 0.0, 0.0)		0.3297768		0		NE
8		80632.65	82322.19	80	1		True		True		True		(0.0, 0.0, 0.0)		0.3612399		0		NE
9		84654.21	85667.85	80	2		True		True		True		(0.0, 0.0, 0.0)		0.2341509		0		NW
10		89089.47	89954.05	80	1		True		True		True		(0.0, 0.0, 0.0)		0.454019		0		SW
11		93109.95	94015.95	120	2		True		True		True		(0.0, 0.0, 0.0)		0.3998783		0		SW
12		97130.58	97943.39	120	1		True		True		True		(0.0, 0.0, 0.0)		0.4223455		0		NW
13		101150.9	101934.4	120	2		True		True		True		(0.0, 0.0, 0.0)		0.6959699		0		SW
14		105182.5	106020.2	120	2		True		True		True		(0.0, 0.0, 0.0)		0.7034187		0		NW
15		109214.1	111036.2	160	2		False		False		False		(0.0, 0.0, 0.0)		0.6251551		0		NW
16		113652.8	114440.8	120	1		True		True		True		(0.0, 0.0, 0.0)		0.7115676		0		NW
17		117785.4	118529.1	160	1		True		True		True		(0.0, 0.0, 0.0)		0.1275407		0		SE
18		121804.8	122759.1	160	1		False		True		False		(0.0, 0.0, 0.0)		0.1733271		0		NW
19		125952	126823.9	200	1		False		True		False		(0.0, 0.0, 0.0)		0.6081389		0		SW
20		129961.5	131549.2	200	2		False		False		False		(0.0, 0.0, 0.0)		0.6019304		0		SW
21		134337.9	135287	80	1		True		True		True		(0.0, 0.0, 0.0)		0.9049457		0		SE
22		138363.2	139384.9	240	2		False		False		True		(0.0, 0.0, 0.0)		0.3914597		0		SE
23		142388.9	143865.3	240	2		True		True		True		(0.0, 0.0, 0.0)		0.3596144		0		SE
24		146413.2	147204.3	120	1		True		True		True		(0.0, 0.0, 0.0)		0.7536473		0		SE
25		150436.1	151215.9	120	1		True		True		True		(0.0, 0.0, 0.0)		0.7316283		0		NE
26		154456.5	156377.8	280	1		False		False		False		(0.0, 0.0, 0.0)		0.4160956		0		SW
27		158793	159998.2	240	1		True		True		True		(0.0, 0.0, 0.0)		0.7472488		0		SE
28		162813.2	163752.5	240	2		True		True		True		(0.0, 0.0, 0.0)		0.5749657		0		SE
29		166835.5	168174.8	240	2		False		False		False		(0.0, 0.0, 0.0)		0.7352719		0		SW
30		170876.6	171782.4	80	1		True		True		True		(0.0, 0.0, 0.0)		0.5100518		0		NW
31		175052.7	176170.3	280	2		True		True		True		(0.0, 0.0, 0.0)		0.8214194		0		SE
32		179061.8	180192.3	280	2		False		False		False		(0.0, 0.0, 0.0)		0.5931616		0		SW
33		183093.6	183935.3	40	2		True		True		True		(0.0, 0.0, 0.0)		0.8852898		0		SW
34		187114	187986.5	40	1		True		True		True		(0.0, 0.0, 0.0)		0.6158769		0		SW
35		191440.7	192195.9	40	1		True		True		True		(0.0, 0.0, 0.0)		0.8366387		0		NE
36		195446.9	197527.8	320	1		True		True		True		(0.0, 0.0, 0.0)		0.8418852		0		NE
37		199460.2	201963.2	320	2		False		True		False		(0.0, 0.0, 0.0)		0.2895092		0		SE
38		204474	205208.8	0	2		True		True		True		(0.0, 0.0, 0.0)		0.5867043		0		NE
39		208483.1	209279.6	0	1		True		True		True		(0.0, 0.0, 0.0)		0.57016		0		NW
40		212503.2	213675.9	338	2		False		False		False		(0.0, 0.0, 0.0)		0.7468277		0		NW
41		220566.2	221762.9	338	2		False		False		False		(0.0, 0.0, 0.0)		0.4476136		0		NW
42		224593.4	225648.2	338	2		False		True		False		(0.0, 0.0, 0.0)		1.109026		0		NW
43		228602.7	231136.4	338	1		True		True		True		(0.0, 0.0, 0.0)		0.9220905		0		SW
44		233227.7	234318.2	338	2		False		True		False		(0.0, 0.0, 0.0)		0.6047276		0		NW
45		237243.8	238622.8	338	2		False		True		False		(0.0, 0.0, 0.0)		0.4445938		0		SW
46		241457.3	242686.6	338	1		False		False		False		(0.0, 0.0, 0.0)		0.8184304		0		SW
47		245477.8	246932.6	320	1		False		True		False		(0.0, 0.0, 0.0)		0.6404649		0		NW
48		249498.6	250684.1	320	2		True		True		True		(0.0, 0.0, 0.0)		0.4825014		0		SE
49		253508	254535.5	320	2		True		True		True		(0.0, 0.0, 0.0)		0.7485803		0		NE
50		257539.4	258389.6	40	2		True		True		True		(0.0, 0.0, 0.0)		0.6680685		0		NW
51		261570.9	262260.5	40	1		True		True		True		(0.0, 0.0, 0.0)		1.075443		0		SE
52		265591.6	266586.1	338	1		False		False		False		(0.0, 0.0, 0.0)		0.5278872		0		SW
53		269718	270435.4	320	2		False		False		True		(0.0, 0.0, 0.0)		0.5095482		0		SE
54		273738.5	274504.7	80	1		True		True		True		(0.0, 0.0, 0.0)		0.2385602		0		NW
55		277759.4	280285	80	2		True		True		True		(0.0, 0.0, 0.0)		0.4268128		0		NE
56		282739.5	283646.7	80	1		True		True		True		(0.0, 0.0, 0.0)		0.5961353		0		SW
57		286782.3	288570.3	338	1		False		False		False		(0.0, 0.0, 0.0)		1.306597		0		SW
58		290798	292012.9	320	2		True		True		True		(0.0, 0.0, 0.0)		0.9133227		0		NE
59		294812.3	295667.7	120	1		True		True		True		(0.0, 0.0, 0.0)		0.3815162		0		SW
60		298821.6	299638.6	120	2		True		True		True		(0.0, 0.0, 0.0)		0.3776865		0		SW
61		302840.7	303659.1	120	2		True		True		True		(0.0, 0.0, 0.0)		0.5954791		0		NW
62		306858.2	307858.5	160	1		True		True		True		(0.0, 0.0, 0.0)		0.9628772		0		NE
63		311283.2	312492.9	338	1		False		False		False		(0.0, 0.0, 0.0)		0.5978029		0		SE
64		315304	316287.3	320	2		True		True		True		(0.0, 0.0, 0.0)		0.5933497		0		NE
65		319323.7	320418.5	320	1		True		True		True		(0.0, 0.0, 0.0)		0.5552052		0		NE
66		323355.5	324356.8	320	2		False		False		True		(0.0, 0.0, 0.0)		0.8211081		0		NE
67		327376.2	329318.4	200	2		True		True		True		(0.0, 0.0, 0.0)		1.090803		0		NW
68		331385.8	332218.5	200	1		True		True		True		(0.0, 0.0, 0.0)		0.3503035		0		SE
69		335406	336389.3	338	1		True		True		True		(0.0, 0.0, 0.0)		0.4473984		0		NE
70		339412.1	340633.7	338	2		True		True		True		(0.0, 0.0, 0.0)		0.8031416		0		NE
71		343439.3	344586.8	240	2		True		True		True		(0.0, 0.0, 0.0)		0.8587868		0		SE
72		347445.4	348610.6	240	2		True		True		True		(0.0, 0.0, 0.0)		0.6091159		0		SE
73		351465.7	352509.6	280	2		True		True		True		(0.0, 0.0, 0.0)		0.8392397		0		SE
74		355497.3	356702.9	280	2		False		False		False		(0.0, 0.0, 0.0)		1.547274		0		SW
75		359517.5	360671.5	240	2		True		True		True		(0.0, 0.0, 0.0)		1.05249		0		SE
76		363527.7	364588.8	240	2		True		True		True		(0.0, 0.0, 0.0)		0.6197177		0		SE
77		367555.7	368431.3	280	2		False		False		False		(0.0, 0.0, 0.0)		0.659511		0		SW
78		371583.6	372696.7	240	1		True		True		True		(0.0, 0.0, 0.0)		1.137125		0		SE
79		375602.5	376843.7	338	1		False		False		True		(0.0, 0.0, 0.0)		0.8125764		0		NW
80		379615.3	380997.4	320	2		False		True		False		(0.0, 0.0, 0.0)		0.5730303		0		SE
81		383637.4	384748.8	200	2		False		True		False		(0.0, 0.0, 0.0)		0.746793		0		SE
82		387667.4	388644.8	160	1		False		True		False		(0.0, 0.0, 0.0)		0.8287191		0		NW
83		391689.5	392465.2	160	2		True		True		True		(0.0, 0.0, 0.0)		0.4421908		0		NE
84		395713.3	396541.3	160	2		True		True		True		(0.0, 0.0, 0.0)		0.4841334		0		SW
85		399745.4	400851	200	2		True		True		True		(0.0, 0.0, 0.0)		0.19129		0		NE
86		403765.3	404463.9	200	2		True		True		True		(0.0, 0.0, 0.0)		0.04732347		0		SE
87		407785.8	408947.1	240	2		True		True		True		(0.0, 0.0, 0.0)		0.213021		0		NE
88		411895.8	412859.9	240	2		True		True		True		(0.0, 0.0, 0.0)		0.4745647		0		SW
89		415921.8	417515.2	280	1		True		True		True		(0.0, 0.0, 0.0)		0.5598989		0		NE
90		419936.3	420864.6	338	2		False		False		True		(0.0, 0.0, 0.0)		0.47589		0		NE
91		423945.5	426324.3	338	1		False		False		True		(0.0, 0.0, 0.0)		0.8794929		0		SW
92		429029.8	430398.2	320	2		False		False		True		(0.0, 0.0, 0.0)		0.6196795		0		SE
93		433115.8	434547.2	320	1		True		True		True		(0.0, 0.0, 0.0)		0.4996348		0		NW
94		437140.4	438102.2	320	1		True		True		True		(0.0, 0.0, 0.0)		0.2465687		0		NE
95		441493.8	443337.3	338	1		False		False		True		(0.0, 0.0, 0.0)		0.2150422		0		NW
96		446320.1	447668.8	320	2		False		False		True		(0.0, 0.0, 0.0)		0.18831		0		SE
97		450330.1	452640.8	320	2		False		False		True		(0.0, 0.0, 0.0)		0.754679		0		NW
98		454674.3	455851.8	338	1		True		True		True		(0.0, 0.0, 0.0)		0.8505578		0		NE
99		458707.5	460991.5	338	1		False		True		False		(0.0, 0.0, 0.0)		0.6552603		0		SE
100		463984.8	465102.2	338	2		False		True		False		(0.0, 0.0, 0.0)		1.065936		0		NW
101		468009.2	469166.6	320	2		False		False		True		(0.0, 0.0, 0.0)		1.102034		0		SE
102		472031	473053.2	320	2		True		True		True		(0.0, 0.0, 0.0)		0.4930913		0		NE
103		476040.8	478703	338	1		False		True		False		(0.0, 0.0, 0.0)		0.6591678		0		SE
104		481309.8	482709.4	338	1		False		True		False		(0.0, 0.0, 0.0)		0.369444		0		NW
105		485330.5	486896.5	338	1		False		True		False		(0.0, 0.0, 0.0)		0.7247586		0		NW
106		489350.8	492461.3	338	1		False		False		False		(0.0, 0.0, 0.0)		0.7472861		0		NE
107		495577.1	496753.7	320	1		True		True		True		(0.0, 0.0, 0.0)		0.1889442		0		NE
108		500212.5	501840.4	320	2		False		False		False		(0.0, 0.0, 0.0)		0.4529774		0		SW
109		504440.2	505496.6	320	1		False		False		False		(0.0, 0.0, 0.0)		0.9469151		0		SW
110		508454.1	510508.5	280	2		True		True		True		(0.0, 0.0, 0.0)		0.3781082		0		NE
111		512807.6	514059.4	280	1		True		True		True		(0.0, 0.0, 0.0)		0.4967421		0		NE
112		516828.8	519292.8	280	2		True		True		True		(0.0, 0.0, 0.0)		1.034229		0		SW
113		525324.2	526790.4	338	2		True		True		True		(0.0, 0.0, 0.0)		0.6222495		0		NW
114		529750.8	530773.2	338	2		False		True		False		(0.0, 0.0, 0.0)		1.046734		0		NW
115		533761.9	534859.9	320	1		True		True		True		(0.0, 0.0, 0.0)		0.688531		0		NE
116		537784.7	540003.4	320	1		False		False		False		(0.0, 0.0, 0.0)		0.2244083		0		SE
117		541802.3	542733.9	280	1		True		True		True		(0.0, 0.0, 0.0)		0.497547		0		NE
118		545826.8	547356	280	1		False		False		False		(0.0, 0.0, 0.0)		0.8140331		0		SW
119		549836.5	550730.6	240	2		True		True		True		(0.0, 0.0, 0.0)		0.703171		0		NE
120		553867.7	555388.4	240	2		True		True		True		(0.0, 0.0, 0.0)		0.6005512		0		SE
121		557888.1	559965.1	338	2		False		True		False		(0.0, 0.0, 0.0)		0.5454568		0		NE
122		562031.1	563729.8	320	1		False		False		True		(0.0, 0.0, 0.0)		0.5280234		0		NE
123		566206.9	567817.5	200	2		True		True		True		(0.0, 0.0, 0.0)		0.7572547		0		SW
124		570227.4	571177.3	200	1		False		True		False		(0.0, 0.0, 0.0)		0.5778935		0		NW
125		574248.6	575120.1	200	1		False		True		False		(0.0, 0.0, 0.0)		1.058758		0		NW
126		578257.1	579173.7	240	1		True		True		True		(0.0, 0.0, 0.0)		0.5439069		0		NE
127		582266.3	583274.1	240	1		True		True		True		(0.0, 0.0, 0.0)		0.185348		0		SE
128		586287.2	587864.1	280	1		True		True		True		(0.0, 0.0, 0.0)		0.7451459		0		SW
129		590562.9	591773.3	280	2		True		True		True		(0.0, 0.0, 0.0)		0.380994		0		NW
130		594583.8	595790.1	338	2		True		True		True		(0.0, 0.0, 0.0)		1.134402		0		SE
131		598603.9	600684.4	338	2		False		False		True		(0.0, 0.0, 0.0)		0.9010555		0		SE
132		603912.8	605534.1	338	1		False		True		False		(0.0, 0.0, 0.0)		0.1385702		0		SW
133		607933.3	608783.4	320	2		True		True		True		(0.0, 0.0, 0.0)		0.6403085		0		NE
134		611953.6	613652.9	320	2		False		True		False		(0.0, 0.0, 0.0)		0.2406195		0		SW
135		615974.5	617069.8	320	2		False		True		False		(0.0, 0.0, 0.0)		1.097322		0		NW
136		619994.6	621002.4	280	1		False		False		True		(0.0, 0.0, 0.0)		0.9655487		0		NE
137		624026.1	625010.3	280	1		False		False		False		(0.0, 0.0, 0.0)		0.7015179		0		SW
138		628046.7	630234.9	240	2		True		True		True		(0.0, 0.0, 0.0)		0.9649727		0		NW
139		632067.6	633520.4	240	2		True		True		True		(0.0, 0.0, 0.0)		0.9642703		0		NW
140		636099.1	637238	320	2		True		True		True		(0.0, 0.0, 0.0)		0.6013589		0		NE
141		640130.6	642883.8	320	1		False		False		False		(0.0, 0.0, 0.0)		0.7997704		0		NW
142		644579.3	645468.4	200	2		True		True		True		(0.0, 0.0, 0.0)		0.6950473		0		SE
143		648599.7	651433.9	338	1		True		True		True		(0.0, 0.0, 0.0)		0.3971394		0		SE
144		652980.8	654968.8	338	1		True		True		True		(0.0, 0.0, 0.0)		0.7902986		0		NE
145		657000.8	659545.2	240	2		False		False		False		(0.0, 0.0, 0.0)		0.6277435		0		NE
146		661532.4	664020.3	320	2		False		True		False		(0.0, 0.0, 0.0)		0.5930707		0		SE
147		665719.3	669195.8	280	1		True		True		True		(0.0, 0.0, 0.0)		1.048366		0		NW
148		671105.9	672280.1	280	2		True		True		True		(0.0, 0.0, 0.0)		0.3361697		0		SW
149		679636	681775.3	280	2		True		True		True		(0.0, 0.0, 0.0)		0.5510201		0		NW
150		683656.2	684804.4	320	1		False		False		False		(0.0, 0.0, 0.0)		0.7675076		0		SW
151		687684.8	689132.8	200	1		True		True		True		(0.0, 0.0, 0.0)		0.9532265		0		NW
152		691719.3	692736.3	200	2		True		True		True		(0.0, 0.0, 0.0)		0.4665864		0		NE
153		696061.9	696834.6	200	2		False		True		False		(0.0, 0.0, 0.0)		0.3112684		0		SW
154		700089.1	701549	280	2		False		False		False		(0.0, 0.0, 0.0)		0.7343041		0		SW
155		704098.4	704964.2	240	1		True		True		True		(0.0, 0.0, 0.0)		0.6976289		0		SE
156		708118.4	709756.2	240	1		False		False		True		(0.0, 0.0, 0.0)		0.2371657		0		SE
157		712139.6	712960.9	200	2		True		True		True		(0.0, 0.0, 0.0)		0.7262519		0		NE
158		716160.1	717920.3	200	1		True		True		True		(0.0, 0.0, 0.0)		0.4487486		0		SE
159		720180.1	721446.8	200	1		False		False		False		(0.0, 0.0, 0.0)		0.7422554		0		SE
160		724201.3	724991.4	160	2		True		True		True		(0.0, 0.0, 0.0)		0.09032466		0		NW
161		728210.8	730254	280	1		True		True		True		(0.0, 0.0, 0.0)		0.3657815		0		NE
162		732477.8	734108.4	280	2		True		True		True		(0.0, 0.0, 0.0)		0.5171947		0		SW
163		736488.5	737365.6	280	2		True		True		True		(0.0, 0.0, 0.0)		0.6269687		0		SE
164		740522.9	741637.4	320	1		False		False		True		(0.0, 0.0, 0.0)		0.4558863		0		SE
165		744550.6	745304.4	120	1		True		True		True		(0.0, 0.0, 0.0)		0.1277353		0		NW
166		749250.1	751999.6	120	1		True		True		True		(0.0, 0.0, 0.0)		0.3937677		0		NE
167		753581.7	754443.2	160	1		False		True		False		(0.0, 0.0, 0.0)		0.783556		0		SW
168		758031.3	758841.1	160	2		True		True		True		(0.0, 0.0, 0.0)		0.9464145		0		NW
169		762050.9	763039.3	160	1		True		True		True		(0.0, 0.0, 0.0)		0.7520697		0		NW
170		766071.3	766882.1	200	2		False		True		False		(0.0, 0.0, 0.0)		0.7323326		0		NW
171		770091.9	771730	280	2		True		True		True		(0.0, 0.0, 0.0)		0.8029587		0		NW
172		774112.4	775135.1	280	1		True		True		True		(0.0, 0.0, 0.0)		0.7512501		0		SE
173		778133.1	779559.4	280	1		False		False		True		(0.0, 0.0, 0.0)		0.8701195		0		NW
174		782153.5	783165.1	160	2		True		True		True		(0.0, 0.0, 0.0)		0.8655539		0		NE
175		786534.1	787662.1	320	1		False		False		False		(0.0, 0.0, 0.0)		0.7661332		0		SE
176		790561.6	791438.1	120	2		True		True		True		(0.0, 0.0, 0.0)		0.6330715		0		SW
177		794575.4	795381.3	120	2		True		True		True		(0.0, 0.0, 0.0)		0.7552703		0		NE
178		798595.6	800271.6	338	2		False		False		False		(0.0, 0.0, 0.0)		1.000256		0		SE
179		802616.1	804370.9	320	1		True		True		True		(0.0, 0.0, 0.0)		0.6157373		0		SW
180		806647.6	807809.3	320	1		False		False		False		(0.0, 0.0, 0.0)		1.129199		0		SE
181		810668.5	811507.9	80	2		True		True		True		(0.0, 0.0, 0.0)		0.5689442		0		SE
182		814689.4	815538.9	80	1		True		True		True		(0.0, 0.0, 0.0)		0.2450263		0		SE
183		818720.3	819409.1	80	1		True		True		True		(0.0, 0.0, 0.0)		0.894922		0		NE
184		822752	823502.3	120	2		True		True		True		(0.0, 0.0, 0.0)		0.6861045		0		SW
185		826761.2	828089.2	338	1		False		True		False		(0.0, 0.0, 0.0)		1.311099		0		NE
186		831759.1	833347.6	338	1		True		True		True		(0.0, 0.0, 0.0)		0.9405165		0		NW
187		835790.7	836730	160	2		True		True		True		(0.0, 0.0, 0.0)		0.7698095		0		NE
188		839828.4	840506.2	160	1		True		True		True		(0.0, 0.0, 0.0)		0.732034		0		SE
189		843842.9	844598.4	160	1		True		True		True		(0.0, 0.0, 0.0)		0.5334189		0		SW
190		847868.6	849429.1	200	2		True		True		True		(0.0, 0.0, 0.0)		0.7496659		0		SE
191		851890.1	854133.5	338	1		False		False		False		(0.0, 0.0, 0.0)		0.9124755		0		NE
192		856400.1	857137.9	160	2		True		True		True		(0.0, 0.0, 0.0)		1.083275		0		SE
193		860424.4	861214.9	160	2		True		True		True		(0.0, 0.0, 0.0)		1.371668		0		NW
194		864456.1	865711.4	338	1		True		True		True		(0.0, 0.0, 0.0)		0.7999074		0		NE
195		868476.8	870886.8	338	2		False		False		False		(0.0, 0.0, 0.0)		1.07279		0		SE
196		873418.9	874469.9	320	2		False		False		True		(0.0, 0.0, 0.0)		1.019423		0		SE
197		877439.7	879094.5	320	2		False		False		False		(0.0, 0.0, 0.0)		0.6533158		0		SE
198		881449.3	882488.7	280	2		False		False		False		(0.0, 0.0, 0.0)		0.5414873		0		SW
199		885480.5	886947.1	240	1		False		False		False		(0.0, 0.0, 0.0)		1.136792		0		SW
200		889623.4	890495.4	120	1		True		True		True		(0.0, 0.0, 0.0)		0.7679014		0		NE
201		893644.2	894349.8	120	1		True		True		True		(0.0, 0.0, 0.0)		0.6557092		0		SE
202		897664.4	899463.9	160	2		False		True		False		(0.0, 0.0, 0.0)		0.8909327		0		NE
203		901684.8	902495.8	200	1		True		True		True		(0.0, 0.0, 0.0)		0.6022086		0		SE
204		905704.8	906610.9	200	1		True		True		True		(0.0, 0.0, 0.0)		0.2683661		0		SW
205		909715.1	910498.2	200	1		True		True		True		(0.0, 0.0, 0.0)		0.6793224		0		SE
206		913735.1	914719.1	200	1		True		True		True		(0.0, 0.0, 0.0)		0.7692638		0		SE
207		917766.8	918751.4	240	2		False		True		False		(0.0, 0.0, 0.0)		0.738804		0		NW
208		921798.6	923292.6	160	1		True		True		True		(0.0, 0.0, 0.0)		0.5252768		0		NE
209		926102.7	926985.6	160	2		True		True		True		(0.0, 0.0, 0.0)		0.7521489		0		NW
210		930123.6	930856.8	160	2		True		True		True		(0.0, 0.0, 0.0)		0.482628		0		SE
211		934148.9	936947.3	200	2		False		False		True		(0.0, 0.0, 0.0)		0.9389163		0		SE
212		938675.7	939688.1	200	2		True		True		True		(0.0, 0.0, 0.0)		0.7119284		0		SE
213		942707	943557.6	240	1		True		True		True		(0.0, 0.0, 0.0)		0.4076501		0		NE
214		946727	947840.3	280	2		False		False		False		(0.0, 0.0, 0.0)		0.5930018		0		SE
215		950737.8	951927.3	200	1		True		True		True		(0.0, 0.0, 0.0)		0.3418413		0		SW
216		955417.3	956956.8	200	1		False		False		False		(0.0, 0.0, 0.0)		1.190519		0		SW
217		959459.9	960632.6	240	2		True		True		True		(0.0, 0.0, 0.0)		0.7915282		0		SE
218		963487.2	966068	240	1		False		False		False		(0.0, 0.0, 0.0)		0.8537127		0		SE
219		967701.1	968795.3	200	1		True		True		True		(0.0, 0.0, 0.0)		0.4458136		0		SW
220		971714.9	972495.1	200	2		True		True		True		(0.0, 0.0, 0.0)		0.5569645		0		SE
221		975730.9	976750.3	240	1		True		True		True		(0.0, 0.0, 0.0)		0.2129671		0		NE
222		979740.1	980613.4	240	1		True		True		True		(0.0, 0.0, 0.0)		1.03948		0		NE
223		984027.1	985214.8	240	2		True		True		True		(0.0, 0.0, 0.0)		0.8680801		0		SE
224		988036.5	989208.8	240	1		False		False		False		(0.0, 0.0, 0.0)		0.7335048		0		SW
225		992046.2	992929.3	200	2		True		True		True		(0.0, 0.0, 0.0)		0.4322225		0		NE
226		996066.5	997709.9	280	2		False		False		False		(0.0, 0.0, 0.0)		1.047532		0		SW
227		1000243	1001259	240	2		True		True		True		(0.0, 0.0, 0.0)		1.022382		0		SW
228		1004274	1005751	240	2		False		False		False		(0.0, 0.0, 0.0)		0.6487801		0		SE
229		1008295	1009233	200	1		True		True		True		(0.0, 0.0, 0.0)		0.6718146		0		NW
230		1012307	1013214	200	2		False		False		True		(0.0, 0.0, 0.0)		0.9016712		0		NE
231		1016424	1017252	200	2		True		True		True		(0.0, 0.0, 0.0)		0.5853681		0		NE
232		1020489	1022222	240	2		True		True		True		(0.0, 0.0, 0.0)		1.165662		0		SW
233		1025121	1026420	240	2		True		True		True		(0.0, 0.0, 0.0)		0.7121838		0		SE
234		1029448	1030514	280	1		False		False		False		(0.0, 0.0, 0.0)		0.7574323		0		SW
235		1033456	1034145	160	1		True		True		True		(0.0, 0.0, 0.0)		0.4434827		0		NE
236		1037468	1038299	160	2		True		True		True		(0.0, 0.0, 0.0)		0.5687541		0		NE
237		1041488	1042486	160	1		True		True		True		(0.0, 0.0, 0.0)		0.480152		0		NW
238		1045508	1046351	200	2		True		True		True		(0.0, 0.0, 0.0)		0.570927		0		SW
239		1049832	1051141	320	2		False		False		False		(0.0, 0.0, 0.0)		0.5949526		0		SW
240		1053864	1055382	280	1		True		True		True		(0.0, 0.0, 0.0)		0.6654107		0		NE
241		1057884	1059212	280	1		True		True		True		(0.0, 0.0, 0.0)		0.6326488		0		SW
242		1061905	1063444	240	2		True		True		True		(0.0, 0.0, 0.0)		1.064908		0		NW
243		1066503	1069058	240	2		False		False		False		(0.0, 0.0, 0.0)		0.9031398		0		NW
244		1071279	1072129	240	1		True		True		True		(0.0, 0.0, 0.0)		0.3453692		0		SE
245		1075299	1076129	240	1		True		True		True		(0.0, 0.0, 0.0)		0.2577536		0		NE
246		1079320	1080304	280	1		True		True		True		(0.0, 0.0, 0.0)		0.3419139		0		SE
247		1083350	1084327	280	1		True		True		True		(0.0, 0.0, 0.0)		0.4539002		0		NE
248		1087472	1088849	320	1		True		True		True		(0.0, 0.0, 0.0)		0.4506386		0		SW
249		1091492	1093024	320	1		False		False		False		(0.0, 0.0, 0.0)		1.074868		0		SW
250		1095723	1096525	280	1		True		True		True		(0.0, 0.0, 0.0)		0.9793411		0		SE
251		1099739	1101121	280	2		False		False		False		(0.0, 0.0, 0.0)		0.6181241		0		SW
252		1103768	1104460	200	1		True		True		True		(0.0, 0.0, 0.0)		0.8527301		0		SE
253		1107780	1108861	320	1		False		False		True		(0.0, 0.0, 0.0)		0.6240746		0		SE
254		1111787	1112552	280	1		False		True		False		(0.0, 0.0, 0.0)		0.5075492		0		SW
255		1115797	1116721	280	1		False		False		False		(0.0, 0.0, 0.0)		0.6994295		0		SW
256		1119813	1121557	240	2		True		True		True		(0.0, 0.0, 0.0)		0.9046015		0		NE
257		1123834	1124696	240	1		True		True		True		(0.0, 0.0, 0.0)		0.5332398		0		NW
258		1127865	1129353	240	1		True		True		True		(0.0, 0.0, 0.0)		0.5612972		0		SW
259		1131897	1133374	280	1		True		True		True		(0.0, 0.0, 0.0)		0.8767722		0		SW
260		1135917	1137102	280	1		True		True		True		(0.0, 0.0, 0.0)		0.7191848		0		NE
261		1139938	1141526	320	1		True		True		True		(0.0, 0.0, 0.0)		0.7351534		0		SW
262		1143958	1144954	320	1		False		True		False		(0.0, 0.0, 0.0)		0.2364168		0		SW
263		1147979	1148873	338	1		False		False		True		(0.0, 0.0, 0.0)		0.9355921		0		SE
264		1152000	1153532	320	1		False		False		False		(0.0, 0.0, 0.0)		0.5325491		0		NE
265		1156131	1157471	280	2		True		True		True		(0.0, 0.0, 0.0)		0.4958242		0		NW
266		1160163	1161572	240	2		False		False		True		(0.0, 0.0, 0.0)		0.9150985		0		NW
267		1164194	1165492	240	1		True		True		True		(0.0, 0.0, 0.0)		0.5897345		0		SW
268		1168226	1169703	240	2		True		True		True		(0.0, 0.0, 0.0)		0.6937177		0		NE
269		1172246	1174234	280	2		False		False		False		(0.0, 0.0, 0.0)		1.134603		0		NW
270		1176444	1177999	240	1		False		False		False		(0.0, 0.0, 0.0)		1.098792		0		NW
271		1180727	1181952	240	1		True		True		True		(0.0, 0.0, 0.0)		0.4304718		0		SE
272		1184748	1185792	240	2		True		True		True		(0.0, 0.0, 0.0)		0.4835496		0		SW
273		1188791	1190376	240	2		True		True		True		(0.0, 0.0, 0.0)		0.8975387		0		NW
274		1192815	1194615	280	2		True		True		True		(0.0, 0.0, 0.0)		0.8010681		0		SW
275		1196847	1198180	280	1		False		False		False		(0.0, 0.0, 0.0)		0.6664557		0		SE
276		1200867	1202655	200	1		True		True		True		(0.0, 0.0, 0.0)		0.9417189		0		SW
277		1204884	1205694	200	1		True		True		True		(0.0, 0.0, 0.0)		0.5748441		0		NE
278		1208908	1210039	240	2		True		True		True		(0.0, 0.0, 0.0)		0.2374105		0		NW
279		1212940	1214816	320	1		False		False		True		(0.0, 0.0, 0.0)		0.2913882		0		NE
280		1216961	1217955	200	2		False		True		False		(0.0, 0.0, 0.0)		0.9370825		0		SE
281		1220981	1221964	280	2		True		True		True		(0.0, 0.0, 0.0)		0.7680093		0		NE
282		1225001	1227334	280	2		False		False		False		(0.0, 0.0, 0.0)		0.897063		0		NE
283		1229188	1230462	240	2		True		True		True		(0.0, 0.0, 0.0)		0.7486089		0		NW
284		1233525	1234472	240	2		True		True		True		(0.0, 0.0, 0.0)		0.3947728		0		SE
285		1237540	1238569	280	1		True		True		True		(0.0, 0.0, 0.0)		0.6187223		0		NW
286		1241561	1242994	280	1		False		True		False		(0.0, 0.0, 0.0)		0.4963611		0		SE
287		1245810	1246665	240	2		True		True		True		(0.0, 0.0, 0.0)		0.915382		0		NE
288		1249815	1252331	240	1		True		True		True		(0.0, 0.0, 0.0)		0.5555196		0		NE
289		1254184	1255183	240	2		True		True		True		(0.0, 0.0, 0.0)		0.3796092		0		NW
290		1258209	1260270	320	1		True		True		True		(0.0, 0.0, 0.0)		0.2869009		0		NE
291		1262225	1263460	280	2		False		False		False		(0.0, 0.0, 0.0)		0.4786317		0		NE
292		1266245	1267549	280	1		False		False		False		(0.0, 0.0, 0.0)		0.486601		0		SW
293		1270264	1271921	240	2		False		False		False		(0.0, 0.0, 0.0)		0.9491647		0		SE
294		1274285	1275308	240	2		True		True		True		(0.0, 0.0, 0.0)		0.54751		0		SE
295		1278300	1279889	240	2		True		True		True		(0.0, 0.0, 0.0)		0.8775061		0		NW
296		1282372	1284539	280	1		False		False		False		(0.0, 0.0, 0.0)		0.7748758		0		SW
297		1286881	1288528	200	2		True		True		True		(0.0, 0.0, 0.0)		0.286557		0		NE
298		1290902	1292789	200	1		True		True		True		(0.0, 0.0, 0.0)		0.3529564		0		NE
299		1295304	1296277	200	1		True		True		True		(0.0, 0.0, 0.0)		0.5273309		0		NW
300		1299324	1300353	240	1		True		True		True		(0.0, 0.0, 0.0)		0.3739157		0		SE
