TrialNumber	StartTime	EndTime	CoherenceAngle	StaircaseNumber	CombinedResponse	CorrectVertical	CorrectHorizontal	GazeErrorHeadErrorStimulusDirection
0		40785.31	41861.75	0	2		True		True		True		(0.0, 0.0, 0.0)		0.6206735		0		SW
1		44859.45	45737.89	0	2		True		True		True		(0.0, 0.0, 0.0)		1.312778		0		SE
2		48876.88	49754.48	40	2		True		True		True		(0.0, 0.0, 0.0)		0.4908291		0		SE
3		52894.09	53643.68	40	1		True		True		True		(0.0, 0.0, 0.0)		0.5241098		0		SW
4		56904.91	57760.61	40	1		True		True		True		(0.0, 0.0, 0.0)		0.444095		0		SW
5		60937.27	62180.34	40	1		True		True		True		(0.0, 0.0, 0.0)		0.4876319		0		NE
6		64947.56	65718.84	40	1		True		True		True		(0.0, 0.0, 0.0)		0.4390789		0		SE
7		68966.96	69654.66	80	2		True		True		True		(0.0, 0.0, 0.0)		0.5291917		0		NW
8		72981.95	73726.16	80	1		True		True		True		(0.0, 0.0, 0.0)		0.3359855		0		SW
9		77013.91	77979.65	80	1		True		True		True		(0.0, 0.0, 0.0)		0.3488528		0		SW
10		81033.88	81784.1	120	1		True		True		True		(0.0, 0.0, 0.0)		0.3906858		0		NW
11		85054.23	85876.08	120	1		True		True		True		(0.0, 0.0, 0.0)		0.576896		0		SE
12		89074.99	90029.9	160	1		True		True		True		(0.0, 0.0, 0.0)		0.5055462		0		NW
13		93089.4	93864.46	160	2		True		True		True		(0.0, 0.0, 0.0)		0.5889608		0		SE
14		97108.03	98626.24	160	2		True		True		True		(0.0, 0.0, 0.0)		0.5915442		0		SE
15		101130.1	101860.3	120	2		True		True		True		(0.0, 0.0, 0.0)		0.5081512		0		SE
16		105140.2	105912.2	120	2		True		True		True		(0.0, 0.0, 0.0)		0.4073856		0		SE
17		109166.2	110115.1	160	1		True		True		True		(0.0, 0.0, 0.0)		0.5634344		0		SW
18		113193.8	114580.6	200	1		False		False		True		(0.0, 0.0, 0.0)		0.404348		0		SW
19		117230.1	118184.6	160	1		True		True		True		(0.0, 0.0, 0.0)		0.4768206		0		NE
20		121244.4	122406.4	160	2		True		True		True		(0.0, 0.0, 0.0)		0.385523		0		SW
21		125255	126739.1	160	1		True		True		True		(0.0, 0.0, 0.0)		0.3707008		0		NE
22		129276.9	130346.2	200	1		True		True		True		(0.0, 0.0, 0.0)		1.154107		0		NW
23		133297.1	134111.2	200	1		True		True		True		(0.0, 0.0, 0.0)		0.5087585		0		SE
24		137322.6	138892.2	240	2		False		False		True		(0.0, 0.0, 0.0)		0.6107419		0		SW
25		141346.8	142335.4	200	1		False		False		False		(0.0, 0.0, 0.0)		0.5222538		0		SW
26		145367	147243.3	200	1		False		False		False		(0.0, 0.0, 0.0)		0.7892437		0		NE
27		149382.8	150137.4	160	1		True		True		True		(0.0, 0.0, 0.0)		0.7964809		0		NW
28		153402.5	155089.7	160	2		False		True		False		(0.0, 0.0, 0.0)		0.4759502		0		NW
29		157415.1	158465.6	160	1		True		True		True		(0.0, 0.0, 0.0)		0.7574232		0		NW
30		161432.7	163033.5	200	2		False		False		True		(0.0, 0.0, 0.0)		0.8420281		0		NE
31		165446.5	166622.5	200	2		True		True		True		(0.0, 0.0, 0.0)		0.656737		0		SE
32		169475.4	171113.1	200	1		True		True		True		(0.0, 0.0, 0.0)		0.6078624		0		SW
33		173489	174538.1	200	1		False		False		True		(0.0, 0.0, 0.0)		1.135559		0		NE
34		177509.8	178678	160	2		False		False		True		(0.0, 0.0, 0.0)		1.196315		0		NE
35		181519	183092.5	160	1		True		True		True		(0.0, 0.0, 0.0)		1.17539		0		NE
36		185538.8	186401.1	160	1		False		False		True		(0.0, 0.0, 0.0)		1.008308		0		SW
37		189556.7	190322.8	120	2		True		True		True		(0.0, 0.0, 0.0)		0.8279662		0		NE
38		193581	194474.6	240	1		True		True		True		(0.0, 0.0, 0.0)		0.7915282		0		SW
39		197606.1	199146.1	240	2		False		False		True		(0.0, 0.0, 0.0)		1.072901		0		SE
40		201629.1	202748.3	240	1		False		True		False		(0.0, 0.0, 0.0)		0.6795974		0		NW
41		205659.1	206500.8	160	2		False		False		True		(0.0, 0.0, 0.0)		0.9848269		0		SW
42		209679.4	211452.1	280	1		False		False		True		(0.0, 0.0, 0.0)		0.6868282		0		SE
43		213705.4	214536	120	1		True		True		True		(0.0, 0.0, 0.0)		0.840371		0		NW
44		217723.4	218408.7	120	2		True		True		True		(0.0, 0.0, 0.0)		1.55438		0		NW
45		221745.6	222473.7	120	2		True		True		True		(0.0, 0.0, 0.0)		0.6749626		0		NW
46		225760.9	226804.8	320	2		False		True		False		(0.0, 0.0, 0.0)		0.5572828		0		SE
47		229787.9	231015.5	280	1		False		True		False		(0.0, 0.0, 0.0)		0.6575372		0		SW
48		233809.5	235623.6	160	1		False		False		True		(0.0, 0.0, 0.0)		1.066507		0		SW
49		237822.4	238566.7	120	2		True		True		True		(0.0, 0.0, 0.0)		0.9548075		0		SE
50		241832.1	242632.3	120	2		True		True		True		(0.0, 0.0, 0.0)		1.048582		0		NE
51		245853.1	247966.8	320	2		False		True		False		(0.0, 0.0, 0.0)		0.8596373		0		NE
52		250016.9	252041.2	280	1		False		False		True		(0.0, 0.0, 0.0)		0.7065774		0		NE
53		254042.3	254892.8	80	2		True		True		True		(0.0, 0.0, 0.0)		0.9668931		0		SE
54		258060.6	258741.4	80	1		True		True		True		(0.0, 0.0, 0.0)		0.6111153		0		NE
55		262078.9	262736.3	80	2		True		True		True		(0.0, 0.0, 0.0)		0.7384816		0		SE
56		266095.1	268386.7	320	2		False		True		False		(0.0, 0.0, 0.0)		0.953157		0		NW
57		270111	271030.3	280	2		False		False		True		(0.0, 0.0, 0.0)		1.204278		0		SE
58		274134.2	275939.6	280	1		False		False		True		(0.0, 0.0, 0.0)		0.582975		0		SW
59		278155.1	278885.7	40	1		True		True		True		(0.0, 0.0, 0.0)		0.7800468		0		SW
60		282174.9	282871.2	40	2		True		True		True		(0.0, 0.0, 0.0)		1.006363		0		NW
61		286196.3	288574.2	320	1		False		True		False		(0.0, 0.0, 0.0)		0.8785312		0		NE
62		290215.2	291388.3	80	2		True		True		True		(0.0, 0.0, 0.0)		0.3839645		0		NE
63		294225.1	295792	80	2		True		True		True		(0.0, 0.0, 0.0)		0.6885393		0		SE
64		298247.1	299983.2	338	2		False		False		False		(0.0, 0.0, 0.0)		0.7277973		0		NE
65		302269.4	303661.4	320	1		False		False		True		(0.0, 0.0, 0.0)		1.357424		0		NW
66		306286.3	306925.9	40	1		True		True		True		(0.0, 0.0, 0.0)		1.173776		0		NE
67		310306	310962.5	40	1		True		True		True		(0.0, 0.0, 0.0)		1.283069		0		NE
68		314330.3	314937.7	80	1		True		True		True		(0.0, 0.0, 0.0)		1.168673		0		NW
69		318349.4	319017.3	80	1		True		True		True		(0.0, 0.0, 0.0)		1.058135		0		NW
70		322367.4	323174.5	120	1		True		True		True		(0.0, 0.0, 0.0)		0.7568852		0		SW
71		326378.1	327792	120	1		False		True		False		(0.0, 0.0, 0.0)		1.082508		0		SE
72		330398.8	332287.6	160	2		False		True		False		(0.0, 0.0, 0.0)		1.356072		0		SE
73		334414	335616.2	280	2		False		True		False		(0.0, 0.0, 0.0)		1.480996		0		SE
74		338430.5	339338.3	240	1		False		True		False		(0.0, 0.0, 0.0)		1.014047		0		SW
75		342457.4	344059.2	240	1		True		True		True		(0.0, 0.0, 0.0)		1.111768		0		SW
76		346475.6	347914.5	200	1		True		True		True		(0.0, 0.0, 0.0)		1.390709		0		SW
77		350496	351351.8	200	2		True		True		True		(0.0, 0.0, 0.0)		1.276439		0		SW
78		354516.7	355830.6	200	1		True		True		True		(0.0, 0.0, 0.0)		1.199689		0		NW
79		358536.8	359869.4	240	2		False		False		True		(0.0, 0.0, 0.0)		0.958507		0		SW
80		362558.7	363646.2	280	2		False		False		True		(0.0, 0.0, 0.0)		1.43551		0		SW
81		366578	367988.9	280	2		False		False		False		(0.0, 0.0, 0.0)		1.053373		0		SE
82		370588.3	371972.7	240	1		False		True		False		(0.0, 0.0, 0.0)		0.9571149		0		NE
83		374601.8	375338.3	240	2		True		True		True		(0.0, 0.0, 0.0)		0.7703118		0		NW
84		378621.8	380238.8	240	2		False		False		True		(0.0, 0.0, 0.0)		1.300399		0		SE
85		382642.8	383728.8	280	2		False		True		False		(0.0, 0.0, 0.0)		1.046057		0		NW
86		386664.5	387547	240	2		False		False		True		(0.0, 0.0, 0.0)		0.8543929		0		NE
87		390696.4	392494.6	240	1		True		True		True		(0.0, 0.0, 0.0)		1.395233		0		SW
88		394727	397335.8	280	1		False		True		False		(0.0, 0.0, 0.0)		1.253533		0		NE
89		398851.4	400236.8	280	2		False		False		True		(0.0, 0.0, 0.0)		1.090848		0		SW
90		402867.4	403930.1	280	2		False		True		False		(0.0, 0.0, 0.0)		1.225465		0		SE
91		406884.6	407783.3	240	2		False		False		True		(0.0, 0.0, 0.0)		1.117183		0		SE
92		410897.8	411914.2	240	2		False		False		True		(0.0, 0.0, 0.0)		1.12105		0		SE
93		414914.1	417356.1	280	2		True		True		True		(0.0, 0.0, 0.0)		0.9400824		0		NW
94		418944.3	419833.5	280	1		False		False		True		(0.0, 0.0, 0.0)		1.062152		0		SE
95		422970.4	424608.5	240	2		False		False		True		(0.0, 0.0, 0.0)		0.7978926		0		NW
96		426991.3	427976	320	2		False		False		True		(0.0, 0.0, 0.0)		0.9483063		0		NE
97		431011.6	432009.6	320	2		True		True		True		(0.0, 0.0, 0.0)		1.197661		0		SW
98		435029.6	436025.8	338	2		True		True		True		(0.0, 0.0, 0.0)		1.298549		0		NW
99		439041.4	440113.8	338	1		False		True		False		(0.0, 0.0, 0.0)		1.362014		0		SE
100		443061.3	443889.6	338	2		False		False		False		(0.0, 0.0, 0.0)		0.8886328		0		SE
101		447082.4	448065.6	320	1		False		False		True		(0.0, 0.0, 0.0)		1.392883		0		SE
102		451102.2	452152.5	200	2		True		True		True		(0.0, 0.0, 0.0)		1.338016		0		SE
103		455122.8	455995.8	200	2		False		False		True		(0.0, 0.0, 0.0)		1.4151		0		NW
104		459132.1	459938.1	338	2		False		False		False		(0.0, 0.0, 0.0)		0.9686622		0		SE
105		463151.4	464507.7	320	2		True		True		True		(0.0, 0.0, 0.0)		1.198022		0		NW
106		467168.4	469044.2	320	2		False		False		True		(0.0, 0.0, 0.0)		0.9611561		0		SE
107		471188.6	472673.3	338	2		False		False		False		(0.0, 0.0, 0.0)		1.023273		0		NE
108		475198.4	476434.7	320	1		False		True		False		(0.0, 0.0, 0.0)		1.026309		0		NE
109		479218.8	481240	320	1		False		False		False		(0.0, 0.0, 0.0)		1.305762		0		SW
110		483239.2	485316.4	160	1		False		False		True		(0.0, 0.0, 0.0)		1.026043		0		SE
111		487259.8	488003.9	120	1		True		True		True		(0.0, 0.0, 0.0)		1.104447		0		NW
112		491281.1	493484.3	120	1		True		True		True		(0.0, 0.0, 0.0)		1.233903		0		NE
113		495290.8	496019.6	160	1		True		True		True		(0.0, 0.0, 0.0)		0.7015794		0		NW
114		499312.3	500037.8	160	2		True		True		True		(0.0, 0.0, 0.0)		0.8899112		0		SW
115		503334.6	504186.6	160	1		True		True		True		(0.0, 0.0, 0.0)		1.012892		0		SW
116		507352.8	508511.1	200	2		False		False		True		(0.0, 0.0, 0.0)		0.8351185		0		SE
117		511376	512563.8	338	2		False		True		False		(0.0, 0.0, 0.0)		0.9928647		0		SW
118		515397.2	517158.4	320	1		True		True		True		(0.0, 0.0, 0.0)		0.9544297		0		NE
119		519408.2	520819.9	320	1		False		False		True		(0.0, 0.0, 0.0)		1.077879		0		NE
120		523430.2	524112.8	160	2		True		True		True		(0.0, 0.0, 0.0)		0.7590522		0		SW
121		527444.7	530149.4	160	2		False		False		False		(0.0, 0.0, 0.0)		1.362902		0		SE
122		531469.6	532197.1	280	1		False		False		True		(0.0, 0.0, 0.0)		1.287446		0		SW
123		535495.9	536450	120	1		True		True		True		(0.0, 0.0, 0.0)		1.287052		0		NE
124		539509.8	540247.8	120	1		True		True		True		(0.0, 0.0, 0.0)		1.075129		0		SW
125		543546.3	544403.8	160	2		False		False		True		(0.0, 0.0, 0.0)		0.8017247		0		SW
126		547560.1	548542.5	160	2		True		True		True		(0.0, 0.0, 0.0)		0.7861561		0		NE
127		551581.8	553956.8	320	1		True		True		True		(0.0, 0.0, 0.0)		1.245942		0		NE
128		555608.2	556448.8	320	2		False		True		False		(0.0, 0.0, 0.0)		1.045808		0		NE
129		559633.3	561669.1	280	2		False		True		False		(0.0, 0.0, 0.0)		0.9573045		0		NE
130		563654.1	566370.4	240	2		True		True		True		(0.0, 0.0, 0.0)		0.8726667		0		SE
131		567841.4	568914.2	240	2		False		False		True		(0.0, 0.0, 0.0)		1.039773		0		SE
132		571862.7	573024.5	280	2		False		False		True		(0.0, 0.0, 0.0)		1.155272		0		NW
133		575878.9	577315.5	280	2		False		True		False		(0.0, 0.0, 0.0)		1.08213		0		NE
134		579911.6	580597.5	240	2		True		True		True		(0.0, 0.0, 0.0)		1.146223		0		NW
135		583921.2	585502.9	240	1		False		False		True		(0.0, 0.0, 0.0)		0.966854		0		SW
136		588110.2	588823.2	120	1		True		True		True		(0.0, 0.0, 0.0)		0.8440997		0		SW
137		592127.4	592893.1	120	2		True		True		True		(0.0, 0.0, 0.0)		1.071845		0		SE
138		596152.8	596793	280	2		True		True		True		(0.0, 0.0, 0.0)		0.8131449		0		NW
139		600177.8	601205.6	280	1		False		False		True		(0.0, 0.0, 0.0)		1.042809		0		SE
140		604210.3	604848.7	80	1		True		True		True		(0.0, 0.0, 0.0)		1.060396		0		NW
141		608230.6	608880.3	80	2		True		True		True		(0.0, 0.0, 0.0)		1.01277		0		SW
142		612261.9	613456.1	320	2		False		False		True		(0.0, 0.0, 0.0)		0.857834		0		SW
143		616282.6	617573.2	320	1		False		False		True		(0.0, 0.0, 0.0)		0.9110332		0		SW
144		620302.4	620957.7	40	2		True		True		True		(0.0, 0.0, 0.0)		0.8117653		0		NE
145		624318	625855.7	338	1		False		False		False		(0.0, 0.0, 0.0)		0.8677737		0		NE
146		628337.9	628990.8	0	2		True		True		True		(0.0, 0.0, 0.0)		0.8272398		0		SE
147		632358.1	633097.3	0	2		True		True		True		(0.0, 0.0, 0.0)		1.049383		0		NE
148		636384.3	639649.8	338	1		False		False		True		(0.0, 0.0, 0.0)		1.095012		0		NW
149		640643	641617.5	338	1		True		True		True		(0.0, 0.0, 0.0)		0.70135		0		NW
150		644670.1	646493.2	338	2		False		True		False		(0.0, 0.0, 0.0)		0.7582209		0		SE
151		648685.1	650868.5	320	2		False		False		True		(0.0, 0.0, 0.0)		1.012801		0		NW
152		652704.3	653399.2	320	1		False		True		False		(0.0, 0.0, 0.0)		0.8305359		0		NW
153		656727.1	657412.1	40	1		True		True		True		(0.0, 0.0, 0.0)		1.029759		0		NW
154		660751.7	661503.2	40	2		True		True		True		(0.0, 0.0, 0.0)		0.7884104		0		SW
155		664776.8	665971.8	338	1		True		True		True		(0.0, 0.0, 0.0)		0.7307591		0		SW
156		668804	669483.3	80	1		True		True		True		(0.0, 0.0, 0.0)		0.7637936		0		NE
157		672824.7	673635.5	80	1		True		True		True		(0.0, 0.0, 0.0)		0.6780932		0		NE
158		676844.9	677687.1	120	1		True		True		True		(0.0, 0.0, 0.0)		0.7937884		0		SW
159		680876.6	681709.8	120	1		True		True		True		(0.0, 0.0, 0.0)		0.8117601		0		SW
160		684890.9	685744	160	1		True		True		True		(0.0, 0.0, 0.0)		0.5876806		0		SW
161		688910.5	690469.3	160	1		False		True		False		(0.0, 0.0, 0.0)		0.721706		0		NE
162		692929.6	694708.6	200	2		False		False		True		(0.0, 0.0, 0.0)		0.6688277		0		SE
163		696944	697642.9	200	1		False		False		True		(0.0, 0.0, 0.0)		0.6864297		0		SW
164		700962.3	702657.8	160	1		False		True		False		(0.0, 0.0, 0.0)		0.7222967		0		NE
165		704973.9	705952.9	160	2		True		True		True		(0.0, 0.0, 0.0)		0.8396257		0		SE
166		708997.6	710691.8	338	2		False		False		True		(0.0, 0.0, 0.0)		0.6963992		0		SW
167		713018.1	713743.5	338	1		False		True		False		(0.0, 0.0, 0.0)		0.8685831		0		NW
168		717028.9	718782.4	200	1		True		True		True		(0.0, 0.0, 0.0)		0.6999275		0		SE
169		721041.9	722855.1	200	2		False		False		True		(0.0, 0.0, 0.0)		0.888333		0		SW
170		725053.4	726325.5	338	2		False		False		False		(0.0, 0.0, 0.0)		0.8317708		0		NW
171		729071.4	730045.9	320	2		True		True		True		(0.0, 0.0, 0.0)		0.776692		0		SE
172		733087.8	733976.3	320	2		True		True		True		(0.0, 0.0, 0.0)		0.7981513		0		NW
173		737102.8	738851.4	338	1		False		False		True		(0.0, 0.0, 0.0)		0.8485228		0		SW
174		741128.4	741851.2	160	2		True		True		True		(0.0, 0.0, 0.0)		0.8300582		0		SW
175		745141.6	746017.2	160	1		True		True		True		(0.0, 0.0, 0.0)		0.721814		0		NE
176		749163.3	750125.1	160	2		True		True		True		(0.0, 0.0, 0.0)		0.9248896		0		SW
177		753190	754355.6	338	1		False		True		False		(0.0, 0.0, 0.0)		0.604005		0		NE
178		757205.1	758002.9	200	1		True		True		True		(0.0, 0.0, 0.0)		0.9405916		0		SE
179		761227.4	762331.6	200	2		False		True		False		(0.0, 0.0, 0.0)		0.9405538		0		NE
180		765258.3	765972.9	320	2		False		False		False		(0.0, 0.0, 0.0)		0.6516213		0		NE
181		769286.6	771615.8	280	1		False		False		True		(0.0, 0.0, 0.0)		0.8728225		0		SW
182		773308.4	774171.4	160	1		True		True		True		(0.0, 0.0, 0.0)		1.129768		0		NE
183		777318	778647.8	160	2		False		False		True		(0.0, 0.0, 0.0)		0.7193771		0		NE
184		781339.3	782166.4	160	2		True		True		True		(0.0, 0.0, 0.0)		0.7744924		0		SE
185		785354.5	786098.9	320	2		False		True		False		(0.0, 0.0, 0.0)		0.5580941		0		NE
186		789369	790242	280	2		False		False		True		(0.0, 0.0, 0.0)		0.8228655		0		SE
187		793377.4	794597.8	280	2		False		True		False		(0.0, 0.0, 0.0)		0.678291		0		NE
188		797400.3	798100.8	240	1		False		True		False		(0.0, 0.0, 0.0)		0.974203		0		NE
189		801419.3	803335.4	200	2		True		True		True		(0.0, 0.0, 0.0)		0.912101		0		NE
190		805434.8	806838.6	200	1		False		False		True		(0.0, 0.0, 0.0)		0.8943888		0		SE
191		809445.9	810183.3	160	1		True		True		True		(0.0, 0.0, 0.0)		1.038913		0		SE
192		813457.1	814853.6	160	2		False		False		True		(0.0, 0.0, 0.0)		0.8150667		0		NE
193		821487.3	822329.6	280	1		False		True		False		(0.0, 0.0, 0.0)		0.8879238		0		NE
194		825503.9	826181.1	200	1		False		True		False		(0.0, 0.0, 0.0)		0.5927542		0		NE
195		829529.1	830420.5	200	1		True		True		True		(0.0, 0.0, 0.0)		0.7739851		0		NE
196		833547.3	834248.6	240	1		False		False		True		(0.0, 0.0, 0.0)		0.6975808		0		SW
197		837567	838511.6	200	2		True		True		True		(0.0, 0.0, 0.0)		0.6232253		0		SW
198		841585.6	842365.4	200	1		False		False		True		(0.0, 0.0, 0.0)		0.7689283		0		SE
199		845602.8	846761.3	160	2		True		True		True		(0.0, 0.0, 0.0)		0.9069733		0		NE
200		849633.1	851015.1	320	2		False		False		True		(0.0, 0.0, 0.0)		0.6717691		0		NW
201		863443.4	864353.7	320	1		True		True		True		(0.0, 0.0, 0.0)		1.047794		0		SW
