TrialNumber	StartTime	EndTime	CoherenceAngle	StaircaseNumber	CombinedResponse	CorrectVertical	CorrectHorizontal	GazeErrorHeadErrorStimulusDirection
0		46767.34	47935.73	0	1		False		False		False		(0.0, 0.0, 0.0)		0.373048		0		SE
1		50792.07	51905.83	0	1		False		False		False		(0.0, 0.0, 0.0)		0.4558008		0		SE
2		63206.71	64641.41	0	1		False		False		False		(0.0, 0.0, 0.0)		0.9505672		0		NE
3		67238.42	68964.78	0	1		True		True		True		(0.0, 0.0, 0.0)		0.91723		0		SE
4		100122.7	102030.4	0	1		True		True		True		(0.0, 0.0, 0.0)		0.4151853		0		SW
5		104138.4	105116.2	40	1		True		True		True		(0.0, 0.0, 0.0)		2.423263		0		SE
6		109248.9	110176.3	40	1		True		True		True		(0.0, 0.0, 0.0)		2.559582		0		NW
7		114991.9	116342.9	80	1		True		True		True		(0.0, 0.0, 0.0)		0.9187989		0		SW
8		119161.1	120115.5	80	1		True		True		True		(0.0, 0.0, 0.0)		0.9956377		0		SE
9		123413.1	124248.1	120	1		False		False		False		(0.0, 0.0, 0.0)		1.417397		0		NW
10		127433.6	130037.5	80	1		False		False		False		(0.0, 0.0, 0.0)		2.854849		0		NE
11		186041.1	187008.3	40	1		True		True		True		(0.0, 0.0, 0.0)		0.4898097		0		SW
12		190051.1	190943.6	40	1		True		True		True		(0.0, 0.0, 0.0)		1.178556		0		NE
13		194384	195429.3	80	1		True		True		True		(0.0, 0.0, 0.0)		1.276532		0		SW
14		198728.8	199609.6	80	1		False		False		False		(0.0, 0.0, 0.0)		1.108701		0		NW
15		202752.1	203688.9	40	1		True		True		True		(0.0, 0.0, 0.0)		1.195883		0		NE
16		206771	207659.9	40	1		False		False		False		(0.0, 0.0, 0.0)		1.589201		0		NE
17		211887.8	212832.5	0	1		True		True		True		(0.0, 0.0, 0.0)		1.154374		0		NW
18		215916.6	217669.6	0	1		False		False		False		(0.0, 0.0, 0.0)		2.643289		0		SE
19		220507.8	221446.5	0	1		True		True		True		(0.0, 0.0, 0.0)		2.010313		0		SW
20		224872	225597	0	1		False		False		False		(0.0, 0.0, 0.0)		1.453189		0		NE
21		229160.4	229982.6	0	1		True		True		True		(0.0, 0.0, 0.0)		1.711647		0		SW
22		233178.8	233999	0	1		True		True		True		(0.0, 0.0, 0.0)		1.934938		0		NE
23		240561.8	242492.8	40	1		False		False		False		(0.0, 0.0, 0.0)		1.123801		0		SE
24		244888.6	245931.4	0	1		True		True		True		(0.0, 0.0, 0.0)		1.42407		0		SW
25		249710.8	250670.6	0	1		True		True		True		(0.0, 0.0, 0.0)		0.7220073		0		SW
26		253732	255231.8	40	1		True		True		True		(0.0, 0.0, 0.0)		1.903746		0		NE
27		258204.3	260193.4	40	1		False		False		False		(0.0, 0.0, 0.0)		0.8643389		0		SE
28		262222.9	263391.7	0	1		True		True		True		(0.0, 0.0, 0.0)		0.9751629		0		SW
29		266238.7	267257	0	1		True		True		True		(0.0, 0.0, 0.0)		1.267027		0		SE
30		271163.2	273331.1	40	1		True		True		True		(0.0, 0.0, 0.0)		1.222716		0		SE
31		275485.1	276440.6	40	1		True		True		True		(0.0, 0.0, 0.0)		0.6571931		0		SE
32		279516.2	280347.8	80	1		True		True		True		(0.0, 0.0, 0.0)		0.8238179		0		SE
33		286987.5	287927.3	80	1		True		True		True		(0.0, 0.0, 0.0)		1.268951		0		SW
34		291317.1	292852	120	1		True		True		True		(0.0, 0.0, 0.0)		0.9278527		0		NW
35		296699.2	297535	120	1		False		False		False		(0.0, 0.0, 0.0)		1.433333		0		NE
36		301747.8	302561.3	80	1		True		True		True		(0.0, 0.0, 0.0)		1.912938		0		SW
37		306312.1	307096.6	80	1		False		False		False		(0.0, 0.0, 0.0)		1.191254		0		NE
38		310563.7	311487.2	40	1		False		False		False		(0.0, 0.0, 0.0)		0.9943103		0		NE
39		314586.9	315356	0	1		True		True		True		(0.0, 0.0, 0.0)		2.409779		0		NE
40		319776.3	320703.9	0	1		True		True		True		(0.0, 0.0, 0.0)		1.572738		0		SE
41		325405.8	326337.9	40	1		True		True		True		(0.0, 0.0, 0.0)		1.697316		0		SW
42		329518.3	330303.3	40	1		True		True		True		(0.0, 0.0, 0.0)		0.5563775		0		SW
43		335856.2	336553.6	80	1		True		True		True		(0.0, 0.0, 0.0)		0.884149		0		SW
44		339865.5	340766.2	80	1		True		True		True		(0.0, 0.0, 0.0)		0.4175552		0		SE
45		343877.9	344744.8	120	1		True		True		True		(0.0, 0.0, 0.0)		0.9443181		0		SE
46		347890.3	348734.1	120	1		False		False		False		(0.0, 0.0, 0.0)		1.48509		0		SE
47		351914.4	353062.2	80	1		True		True		True		(0.0, 0.0, 0.0)		0.07450249		0		NE
48		356884.5	358441.7	80	1		False		True		False		(0.0, 0.0, 0.0)		0.6595387		0		SW
49		362264.6	363147.2	120	1		True		True		True		(0.0, 0.0, 0.0)		0.6590519		0		NE
50		366281.7	367415.7	120	1		False		False		False		(0.0, 0.0, 0.0)		2.599391		0		SE
51		372438.7	373447.2	80	1		True		True		True		(0.0, 0.0, 0.0)		0.9236906		0		NW
52		376456.8	377349.6	80	1		True		True		True		(0.0, 0.0, 0.0)		2.119205		0		NE
53		385267.9	387666.5	120	1		False		False		False		(0.0, 0.0, 0.0)		0.9362207		0		SE
54		389288.5	390281.5	80	1		True		True		True		(0.0, 0.0, 0.0)		0.5386228		0		SW
55		393309.9	394162.3	80	1		True		True		True		(0.0, 0.0, 0.0)		0.7199628		0		SW
56		402080.3	403101.2	120	1		True		True		True		(0.0, 0.0, 0.0)		0.3963765		0		NW
57		406406.4	407499.3	120	1		True		True		True		(0.0, 0.0, 0.0)		0.6455979		0		NE
58		410419.7	411278.9	160	1		True		True		True		(0.0, 0.0, 0.0)		2.692603		0		NW
59		418561.8	419502.1	160	1		True		True		True		(0.0, 0.0, 0.0)		1.744192		0		NW
60		425134.6	425907.6	200	1		False		False		False		(0.0, 0.0, 0.0)		1.117733		0		SE
61		434841.6	435671.1	160	1		True		True		True		(0.0, 0.0, 0.0)		0.2836577		0		NE
62		444946.4	445908.5	160	1		True		True		True		(0.0, 0.0, 0.0)		0.7796661		0		SW
63		448959.8	449877.3	200	1		True		True		True		(0.0, 0.0, 0.0)		1.237191		0		NW
64		452981.9	453794.1	200	1		True		True		True		(0.0, 0.0, 0.0)		0.4066438		0		SW
65		456996.4	457712.7	240	1		False		True		False		(0.0, 0.0, 0.0)		0.218863		0		NW
66		461013.8	462605.6	240	1		True		True		True		(0.0, 0.0, 0.0)		1.323537		0		NW
67		465037.2	465730.1	280	1		False		True		False		(0.0, 0.0, 0.0)		1.050128		0		NE
68		469065	470057.8	280	1		True		True		True		(0.0, 0.0, 0.0)		0.516695		0		NW
69		473096.1	474182.8	320	1		True		True		True		(0.0, 0.0, 0.0)		0.5128293		0		NE
70		477118.7	478071	320	1		False		False		True		(0.0, 0.0, 0.0)		0.4550481		0		NE
71		481262.1	482094.1	280	1		False		False		True		(0.0, 0.0, 0.0)		0.153358		0		SE
72		486100.9	486978.3	240	1		False		False		False		(0.0, 0.0, 0.0)		0.1707972		0		SE
73		494547.8	495565.3	200	1		False		True		False		(0.0, 0.0, 0.0)		0.666622		0		NE
74		498570.1	499964.2	200	1		False		False		True		(0.0, 0.0, 0.0)		0.7790399		0		NW
75		502854.5	503888.6	160	1		False		False		True		(0.0, 0.0, 0.0)		1.001686		0		SW
76		506879.9	507837.3	120	1		True		True		True		(0.0, 0.0, 0.0)		1.228132		0		NW
77		514916.4	515782.9	120	1		True		True		True		(0.0, 0.0, 0.0)		0.5998069		0		NE
78		519095.5	519988	160	1		False		False		True		(0.0, 0.0, 0.0)		0.5021253		0		NW
79		523545	524623.6	120	1		False		False		False		(0.0, 0.0, 0.0)		0.5438817		0		SE
80		527599	528312.9	80	1		True		True		True		(0.0, 0.0, 0.0)		1.236946		0		NE
81		531628.1	532421.8	80	1		True		True		True		(0.0, 0.0, 0.0)		1.524757		0		NW
82		535646.3	536423.1	120	1		False		False		False		(0.0, 0.0, 0.0)		2.824011		0		SE
83		539972.8	540834.3	80	1		True		True		True		(0.0, 0.0, 0.0)		1.500403		0		NE
84		543989.3	544685.2	80	1		False		False		True		(0.0, 0.0, 0.0)		2.389785		0		SW
85		550770.9	551626.9	40	1		True		True		True		(0.0, 0.0, 0.0)		1.35175		0		SE
86		556463.4	557283.4	40	1		True		True		True		(0.0, 0.0, 0.0)		0.8537512		0		SE
87		560539.4	561409.1	80	1		True		True		True		(0.0, 0.0, 0.0)		1.419933		0		NE
88		564556	565804.1	80	1		False		False		False		(0.0, 0.0, 0.0)		1.791126		0		SE
89		568785.2	569650.6	40	1		True		True		True		(0.0, 0.0, 0.0)		1.003529		0		NW
90		572808.9	573781.7	40	1		True		True		True		(0.0, 0.0, 0.0)		1.378279		0		SE
91		576828.2	577617.8	80	1		True		True		True		(0.0, 0.0, 0.0)		0.5996482		0		SW
92		588986.9	589865	80	1		True		True		True		(0.0, 0.0, 0.0)		0.7737496		0		SE
93		593981.1	595057.3	120	1		False		False		False		(0.0, 0.0, 0.0)		0.3418782		0		NW
94		598004.3	598715.6	80	1		True		True		True		(0.0, 0.0, 0.0)		1.289285		0		SW
95		602022.6	602907.1	80	1		True		True		True		(0.0, 0.0, 0.0)		1.38092		0		SE
96		606037.9	607018.2	120	1		True		True		True		(0.0, 0.0, 0.0)		2.458786		0		SE
97		625706.6	626456.7	120	1		False		False		False		(0.0, 0.0, 0.0)		0.7229398		0		NE
98		629731	630672.5	80	1		True		True		True		(0.0, 0.0, 0.0)		0.1259092		0		SE
99		633749.1	634773.8	80	1		False		True		False		(0.0, 0.0, 0.0)		0.4625778		0		NE
100		637772.1	638392.6	120	1		True		True		True		(0.0, 0.0, 0.0)		0.6520329		0		NE
101		641793	643031.6	120	1		True		True		True		(0.0, 0.0, 0.0)		0.6222975		0		SE
102		645802.3	646765.2	160	1		False		False		True		(0.0, 0.0, 0.0)		1.174555		0		SW
103		649810.6	651067.3	120	1		False		True		False		(0.0, 0.0, 0.0)		0.8884556		0		SE
104		654263.9	655842.4	120	1		False		True		False		(0.0, 0.0, 0.0)		1.574659		0		NE
105		658675.2	659586.1	160	1		False		False		False		(0.0, 0.0, 0.0)		0.4992063		0		SW
106		662711.1	664187.4	120	1		True		True		True		(0.0, 0.0, 0.0)		0.9222629		0		SE
107		667088.3	667919.5	120	1		True		True		True		(0.0, 0.0, 0.0)		0.7318445		0		SW
108		671111.9	671889.5	160	1		True		True		True		(0.0, 0.0, 0.0)		0.2986514		0		SE
109		675138.9	676011.3	160	1		False		True		False		(0.0, 0.0, 0.0)		0.9827909		0		SE
110		679163.6	680101.4	200	1		False		False		True		(0.0, 0.0, 0.0)		1.02309		0		NW
111		683179.1	684033.8	160	1		True		True		True		(0.0, 0.0, 0.0)		2.358171		0		SW
112		692074.5	692737.3	160	1		True		True		True		(0.0, 0.0, 0.0)		0.6756077		0		SW
113		696099.3	696991.4	200	1		False		False		True		(0.0, 0.0, 0.0)		1.873795		0		NE
114		702653.9	703483.2	160	1		False		False		True		(0.0, 0.0, 0.0)		0.5461556		0		SE
115		706676.6	707308.1	120	1		True		True		True		(0.0, 0.0, 0.0)		0.5136231		0		SE
116		710714.8	711603.9	120	1		False		False		False		(0.0, 0.0, 0.0)		0.9683579		0		NE
117		714744.2	715754.4	80	1		True		True		True		(0.0, 0.0, 0.0)		0.4723263		0		SW
118		720324.5	721101.1	80	1		True		True		True		(0.0, 0.0, 0.0)		0.5577078		0		NE
119		724352.1	725088.9	120	1		True		True		True		(0.0, 0.0, 0.0)		2.280589		0		NE
120		729902.5	730680.6	120	1		True		True		True		(0.0, 0.0, 0.0)		2.307802		0		NW
121		747811.1	748524	160	1		False		False		True		(0.0, 0.0, 0.0)		0.3818326		0		SW
122		825691.4	826719.1	120	1		True		True		True		(0.0, 0.0, 0.0)		0.7521992		0		SW
123		837318.9	838470.4	120	1		False		True		False		(0.0, 0.0, 0.0)		1.486208		0		NE
124		841334.6	842165.9	160	1		False		True		False		(0.0, 0.0, 0.0)		0.6305262		0		NW
125		849694	850410.8	160	1		False		True		False		(0.0, 0.0, 0.0)		0.5775375		0		NE
126		853709.8	854552.7	200	1		False		False		True		(0.0, 0.0, 0.0)		1.076895		0		SW
127		857734.5	859016.9	160	1		False		True		False		(0.0, 0.0, 0.0)		1.432642		0		SW
128		861746	863367.1	160	1		True		True		True		(0.0, 0.0, 0.0)		0.8914648		0		NW
129		865768.1	866764.6	200	1		True		True		True		(0.0, 0.0, 0.0)		2.037266		0		SE
130		870091.9	871072.5	200	1		False		False		False		(0.0, 0.0, 0.0)		2.209098		0		SE
131		874213.3	875076.3	160	1		False		False		True		(0.0, 0.0, 0.0)		1.322838		0		NW
132		882981.9	883695.9	120	1		True		True		True		(0.0, 0.0, 0.0)		2.346		0		NW
133		887002.6	888160.6	120	1		False		False		False		(0.0, 0.0, 0.0)		0.512297		0		NE
134		891038.8	892002.9	80	1		True		True		True		(0.0, 0.0, 0.0)		0.7131829		0		SW
135		895048.5	896291.6	80	1		True		True		True		(0.0, 0.0, 0.0)		0.5947908		0		NE
136		899075.6	900301.1	120	1		False		True		False		(0.0, 0.0, 0.0)		1.451591		0		NE
137		903090.9	904002.6	120	1		False		True		False		(0.0, 0.0, 0.0)		1.918115		0		NE
138		907111.5	908378.1	160	1		False		False		True		(0.0, 0.0, 0.0)		0.4239126		0		SW
139		911137.3	912090.8	120	1		True		True		True		(0.0, 0.0, 0.0)		1.261247		0		SE
140		915148.3	917761.1	120	1		False		True		False		(0.0, 0.0, 0.0)		1.37987		0		NE
141		919980.8	920937.9	160	1		True		True		True		(0.0, 0.0, 0.0)		0.7632455		0		NE
142		924001.1	924854.1	160	1		True		True		True		(0.0, 0.0, 0.0)		0.2292455		0		NW
143		928019.1	930233.5	200	1		False		False		False		(0.0, 0.0, 0.0)		0.8280769		0		NW
144		932031.5	933089.8	160	1		True		True		True		(0.0, 0.0, 0.0)		0.5398949		0		NW
145		936043.3	936796.5	160	1		True		True		True		(0.0, 0.0, 0.0)		0.9411745		0		NW
146		940056	941468.8	200	1		False		True		False		(0.0, 0.0, 0.0)		1.780838		0		NE
147		944070.1	945034.3	200	1		False		False		True		(0.0, 0.0, 0.0)		0.3316915		0		NW
148		948096.3	949390.8	160	1		True		True		True		(0.0, 0.0, 0.0)		0.6452854		0		SE
149		952110.3	953489	160	1		False		True		False		(0.0, 0.0, 0.0)		0.9347057		0		SW
150		956132.6	958446.6	200	1		False		True		False		(0.0, 0.0, 0.0)		0.2324966		0		SW
151		960832.3	963918.4	200	1		True		True		True		(0.0, 0.0, 0.0)		0.5896956		0		NE
152		972784.6	973891.9	240	1		False		True		False		(0.0, 0.0, 0.0)		0.429672		0		NE
153		977706.7	978512.6	240	1		False		True		False		(0.0, 0.0, 0.0)		0.668434		0		NW
154		986095.3	987064.2	280	1		False		False		True		(0.0, 0.0, 0.0)		0.8733447		0		SE
155		990108.1	991042.3	240	1		True		True		True		(0.0, 0.0, 0.0)		1.081085		0		NW
156		994139.2	995074.1	240	1		False		True		False		(0.0, 0.0, 0.0)		0.3782931		0		NE
157		998555.6	999565.9	280	1		False		True		False		(0.0, 0.0, 0.0)		0.3545737		0		NE
158		1002568	1003535	280	1		False		True		False		(0.0, 0.0, 0.0)		0.4189441		0		NE
159		1006953	1009572	320	1		True		True		True		(0.0, 0.0, 0.0)		0.343208		0		NW
160		1011298	1012235	320	1		False		True		False		(0.0, 0.0, 0.0)		0.4831266		0		NW
161		1015493	1016371	338	1		True		True		True		(0.0, 0.0, 0.0)		0.6098884		0		NW
162		1023539	1024619	338	1		True		True		True		(0.0, 0.0, 0.0)		0.1419596		0		SW
163		1027546	1028914	338	1		True		True		True		(0.0, 0.0, 0.0)		0.2775934		0		SW
164		1036664	1037685	338	1		False		False		True		(0.0, 0.0, 0.0)		0.07062626		0		SW
165		1040977	1042957	320	1		False		True		False		(0.0, 0.0, 0.0)		0.3545294		0		NE
166		1044996	1046032	320	1		True		True		True		(0.0, 0.0, 0.0)		1.061445		0		NE
167		1049009	1049806	338	1		True		True		True		(0.0, 0.0, 0.0)		0.5396472		0		NE
168		1053037	1053961	338	1		True		True		True		(0.0, 0.0, 0.0)		0.4114702		0		NW
169		1057064	1057852	338	1		True		True		True		(0.0, 0.0, 0.0)		1.122264		0		NE
170		1061086	1061932	338	1		False		False		False		(0.0, 0.0, 0.0)		0.2763364		0		SE
171		1065365	1067514	320	1		False		False		False		(0.0, 0.0, 0.0)		0.5110789		0		SW
172		1069852	1072400	280	1		True		True		True		(0.0, 0.0, 0.0)		0.5950072		0		SW
173		1082306	1083342	280	1		False		False		True		(0.0, 0.0, 0.0)		1.661453		0		NW
174		1091923	1092688	240	1		False		False		False		(0.0, 0.0, 0.0)		1.096002		0		SE
175		1171342	1172454	200	1		True		True		True		(0.0, 0.0, 0.0)		1.079899		0		SE
176		1175363	1176330	200	1		False		False		True		(0.0, 0.0, 0.0)		0.3358968		0		NW
177		1179400	1180580	160	1		True		True		True		(0.0, 0.0, 0.0)		0.7635133		0		NW
178		1187125	1187979	160	1		False		False		False		(0.0, 0.0, 0.0)		0.7770285		0		SE
179		1191141	1191932	120	1		True		True		True		(0.0, 0.0, 0.0)		1.449845		0		SW
180		1195805	1197409	120	1		False		True		False		(0.0, 0.0, 0.0)		0.6136396		0		NE
181		1204234	1205315	160	1		False		False		True		(0.0, 0.0, 0.0)		0.6619119		0		SW
182		1208665	1209815	120	1		True		True		True		(0.0, 0.0, 0.0)		0.6566416		0		NE
183		1213388	1214995	120	1		False		False		True		(0.0, 0.0, 0.0)		0.820853		0		SE
184		1217415	1218152	80	1		False		False		False		(0.0, 0.0, 0.0)		0.6029588		0		NE
185		1221424	1222341	40	1		True		True		True		(0.0, 0.0, 0.0)		0.5058749		0		NW
186		1229471	1230307	40	1		True		True		True		(0.0, 0.0, 0.0)		0.5385966		0		NE
187		1233483	1234526	80	1		True		True		True		(0.0, 0.0, 0.0)		0.4835394		0		NW
188		1237507	1238301	80	1		True		True		True		(0.0, 0.0, 0.0)		0.4661341		0		NW
189		1241523	1242758	120	1		True		True		True		(0.0, 0.0, 0.0)		0.8941003		0		NW
190		1245540	1246592	120	1		True		True		True		(0.0, 0.0, 0.0)		0.7432891		0		SW
191		1255039	1256234	160	1		True		True		True		(0.0, 0.0, 0.0)		1.127325		0		NE
192		1264027	1264962	160	1		True		True		True		(0.0, 0.0, 0.0)		0.487548		0		NW
193		1268050	1268814	200	1		True		True		True		(0.0, 0.0, 0.0)		0.4610951		0		NW
194		1272074	1273395	200	1		False		False		False		(0.0, 0.0, 0.0)		1.13641		0		SW
195		1277218	1278141	160	1		True		True		True		(0.0, 0.0, 0.0)		0.4866222		0		NW
196		1281233	1282165	160	1		False		False		False		(0.0, 0.0, 0.0)		0.3749761		0		SW
197		1285257	1286215	120	1		True		True		True		(0.0, 0.0, 0.0)		0.8272768		0		NW
198		1289279	1290046	120	1		True		True		True		(0.0, 0.0, 0.0)		0.7672895		0		NW
199		1293485	1294585	160	1		True		True		True		(0.0, 0.0, 0.0)		0.7092926		0		NE
200		1297507	1298293	160	1		False		True		False		(0.0, 0.0, 0.0)		0.9467596		0		NE
201		1301535	1303020	200	1		False		False		True		(0.0, 0.0, 0.0)		2.974275		0		SW
202		1305760	1306648	160	1		False		False		True		(0.0, 0.0, 0.0)		0.6069563		0		SE
203		1310070	1310847	120	1		True		True		True		(0.0, 0.0, 0.0)		0.9372782		0		SW
204		1318201	1319385	120	1		True		True		True		(0.0, 0.0, 0.0)		0.6843305		0		NE
205		1322223	1323192	160	1		False		False		True		(0.0, 0.0, 0.0)		0.5600539		0		SW
206		1326512	1327727	120	1		False		False		True		(0.0, 0.0, 0.0)		0.2527983		0		NE
207		1330528	1331440	80	1		False		False		False		(0.0, 0.0, 0.0)		0.3664528		0		SE
208		1334539	1335327	40	1		True		True		True		(0.0, 0.0, 0.0)		0.2509151		0		SE
209		1342939	1343821	40	1		True		True		True		(0.0, 0.0, 0.0)		0.6621613		0		NW
210		1352739	1352800	80	1		False		False		False		(0.0, 0.0, 0.0)		0.3635808		0		SE
211		1362528	1363382	40	1		True		True		True		(0.0, 0.0, 0.0)		0.2003838		0		SW
212		1366559	1368729	40	1		True		True		True		(0.0, 0.0, 0.0)		0.525263		0		SE
213		1370722	1371657	80	1		True		True		True		(0.0, 0.0, 0.0)		0.6033567		0		SE
214		1374734	1375799	80	1		True		True		True		(0.0, 0.0, 0.0)		0.7320043		0		NE
215		1379018	1380911	120	1		True		True		True		(0.0, 0.0, 0.0)		0.8513069		0		SE
216		1387062	1388492	120	1		False		False		False		(0.0, 0.0, 0.0)		0.9610469		0		SW
217		1391088	1392109	80	1		True		True		True		(0.0, 0.0, 0.0)		0.5465955		0		NE
218		1395101	1395782	80	1		True		True		True		(0.0, 0.0, 0.0)		0.5622754		0		NE
219		1399114	1399867	120	1		True		True		True		(0.0, 0.0, 0.0)		0.7630051		0		NE
220		1403302	1404222	120	1		True		True		True		(0.0, 0.0, 0.0)		0.3175164		0		SW
221		1419816	1420872	160	1		False		False		True		(0.0, 0.0, 0.0)		0.7831287		0		NW
222		1428868	1429505	120	1		False		True		False		(0.0, 0.0, 0.0)		0.7312799		0		NW
223		1433175	1433960	120	1		False		True		False		(0.0, 0.0, 0.0)		0.4805076		0		NE
224		1437194	1437738	160	1		False		False		True		(0.0, 0.0, 0.0)		0.7780764		0		SE
225		1441229	1442083	120	1		True		True		True		(0.0, 0.0, 0.0)		0.7446452		0		SW
226		1445661	1446693	120	1		False		False		False		(0.0, 0.0, 0.0)		2.155724		0		NE
227		1449672	1450507	80	1		True		True		True		(0.0, 0.0, 0.0)		0.1092166		0		SE
228		1453693	1454480	80	1		False		False		False		(0.0, 0.0, 0.0)		0.5942662		0		NE
229		1457722	1458420	40	1		True		True		True		(0.0, 0.0, 0.0)		0.3844987		0		NE
230		1465967	1466844	40	1		True		True		True		(0.0, 0.0, 0.0)		0.4985575		0		NW
231		1471706	1472483	80	1		True		True		True		(0.0, 0.0, 0.0)		0.867364		0		NE
232		1475721	1476722	80	1		True		True		True		(0.0, 0.0, 0.0)		2.081147		0		NW
233		1480371	1481314	120	1		True		True		True		(0.0, 0.0, 0.0)		1.355034		0		NE
234		1488421	1489372	120	1		True		True		True		(0.0, 0.0, 0.0)		0.6119327		0		SE
235		1496469	1497008	160	1		False		False		False		(0.0, 0.0, 0.0)		0.172932		0		SE
236		1500497	1501291	120	1		True		True		True		(0.0, 0.0, 0.0)		0.609321		0		NW
237		1505469	1506531	120	1		True		True		True		(0.0, 0.0, 0.0)		0.5215266		0		NW
238		1514820	1515866	160	1		True		True		True		(0.0, 0.0, 0.0)		1.518437		0		NE
239		1518836	1519759	160	1		False		True		False		(0.0, 0.0, 0.0)		1.091856		0		SE
240		1523156	1524020	200	1		False		True		False		(0.0, 0.0, 0.0)		0.8696455		0		NW
241		1527173	1527953	200	1		False		True		False		(0.0, 0.0, 0.0)		0.2638523		0		SE
242		1531198	1532098	240	1		True		True		True		(0.0, 0.0, 0.0)		1.316609		0		NE
243		1535214	1535971	240	1		True		True		True		(0.0, 0.0, 0.0)		0.4967667		0		NW
244		1543919	1544888	280	1		False		False		True		(0.0, 0.0, 0.0)		2.054067		0		NW
245		1548116	1548901	240	1		True		True		True		(0.0, 0.0, 0.0)		0.3443286		0		NW
246		1552138	1552689	240	1		False		False		False		(0.0, 0.0, 0.0)		2.961369		0		SW
247		1558673	1559307	200	1		False		True		False		(0.0, 0.0, 0.0)		1.43735		0		SE
248		1563619	1564419	200	1		False		False		True		(0.0, 0.0, 0.0)		0.5694659		0		NW
249		1567632	1568554	160	1		True		True		True		(0.0, 0.0, 0.0)		0.4985077		0		NE
250		1571656	1572403	160	1		True		True		True		(0.0, 0.0, 0.0)		0.9989944		0		SW
251		1575682	1576609	200	1		True		True		True		(0.0, 0.0, 0.0)		2.48769		0		NW
252		1580706	1581469	200	1		False		False		False		(0.0, 0.0, 0.0)		1.185957		0		SW
253		1586237	1587148	160	1		True		True		True		(0.0, 0.0, 0.0)		1.440389		0		NW
254		1592740	1593441	160	1		True		True		True		(0.0, 0.0, 0.0)		2.779796		0		NW
255		1602706	1603368	200	1		False		False		True		(0.0, 0.0, 0.0)		0.4813705		0		SW
256		1608944	1609674	160	1		True		True		True		(0.0, 0.0, 0.0)		0.3811705		0		SW
257		1616282	1617186	160	1		False		False		True		(0.0, 0.0, 0.0)		0.8781344		0		SE
258		1620293	1621027	120	1		False		False		False		(0.0, 0.0, 0.0)		0.8839038		0		NE
259		1624317	1625191	80	1		True		True		True		(0.0, 0.0, 0.0)		0.6633105		0		NE
260		1628340	1629169	80	1		False		False		False		(0.0, 0.0, 0.0)		0.1452094		0		SE
261		1632360	1633146	40	1		True		True		True		(0.0, 0.0, 0.0)		0.8590058		0		SW
262		1636389	1637210	40	1		True		True		True		(0.0, 0.0, 0.0)		0.8239794		0		SW
263		1640409	1641141	80	1		True		True		True		(0.0, 0.0, 0.0)		0.7045082		0		NW
264		1644431	1645305	80	1		True		True		True		(0.0, 0.0, 0.0)		2.540538		0		NE
265		1649558	1650371	120	1		True		True		True		(0.0, 0.0, 0.0)		0.7285972		0		SW
266		1745658	1746732	120	1		True		True		True		(0.0, 0.0, 0.0)		0.9616022		0		SW
267		1749675	1750375	160	1		True		True		True		(0.0, 0.0, 0.0)		1.004153		0		SW
268		1757899	1759709	160	1		True		True		True		(0.0, 0.0, 0.0)		1.335643		0		SW
269		1766568	1767484	200	1		False		True		False		(0.0, 0.0, 0.0)		0.5646682		0		NE
270		1773351	1774045	200	1		False		True		False		(0.0, 0.0, 0.0)		0.7951291		0		NW
271		1777363	1778169	240	1		False		False		True		(0.0, 0.0, 0.0)		0.5761543		0		SW
272		1781368	1782075	200	1		True		True		True		(0.0, 0.0, 0.0)		0.3778352		0		SW
273		1785381	1786181	200	1		False		False		False		(0.0, 0.0, 0.0)		1.111463		0		NE
274		1789399	1790172	160	1		False		False		False		(0.0, 0.0, 0.0)		0.2739194		0		SE
275		1793422	1794306	120	1		False		False		True		(0.0, 0.0, 0.0)		0.8935748		0		SW
276		1797468	1799252	80	1		True		True		True		(0.0, 0.0, 0.0)		0.1454382		0		NE
277		1802329	1803150	80	1		True		True		True		(0.0, 0.0, 0.0)		0.3157881		0		SE
278		1806340	1807044	120	1		True		True		True		(0.0, 0.0, 0.0)		1.954515		0		NW
279		1810355	1811112	120	1		True		True		True		(0.0, 0.0, 0.0)		0.6973467		0		NE
280		1814365	1815085	160	1		False		True		False		(0.0, 0.0, 0.0)		0.8168675		0		NE
281		1818389	1819219	160	1		False		True		False		(0.0, 0.0, 0.0)		1.789725		0		NE
282		1822407	1823340	200	1		False		False		False		(0.0, 0.0, 0.0)		0.8441917		0		SW
283		1831885	1832753	160	1		False		True		False		(0.0, 0.0, 0.0)		0.6052589		0		SE
284		1835901	1836695	160	1		True		True		True		(0.0, 0.0, 0.0)		0.7535621		0		NW
285		1839919	1840667	200	1		False		True		False		(0.0, 0.0, 0.0)		0.352316		0		NE
286		1844256	1845041	200	1		False		True		False		(0.0, 0.0, 0.0)		0.3635304		0		NE
287		1848501	1849435	240	1		False		False		False		(0.0, 0.0, 0.0)		0.7747757		0		SE
288		1852759	1854840	200	1		True		True		True		(0.0, 0.0, 0.0)		0.6330836		0		SE
289		1857051	1857950	200	1		False		False		False		(0.0, 0.0, 0.0)		0.7489917		0		NW
290		1861066	1862016	160	1		False		False		True		(0.0, 0.0, 0.0)		0.6284073		0		SW
291		1865086	1866215	120	1		True		True		True		(0.0, 0.0, 0.0)		0.978146		0		NE
292		1869099	1870817	120	1		True		True		True		(0.0, 0.0, 0.0)		0.2168932		0		SE
293		1873138	1874113	160	1		True		True		True		(0.0, 0.0, 0.0)		0.4643063		0		SW
294		1877154	1877938	160	1		True		True		True		(0.0, 0.0, 0.0)		0.9744497		0		NW
295		1881159	1882552	200	1		False		False		False		(0.0, 0.0, 0.0)		0.712413		0		SE
296		1885776	1886546	160	1		True		True		True		(0.0, 0.0, 0.0)		1.680931		0		SW
297		1889797	1890725	160	1		False		True		False		(0.0, 0.0, 0.0)		1.440408		0		NE
298		1893819	1894561	200	1		False		True		False		(0.0, 0.0, 0.0)		0.1986061		0		NE
299		1897840	1898755	200	1		True		True		True		(0.0, 0.0, 0.0)		0.3713219		0		NW
300		1901856	1902790	240	1		False		True		False		(0.0, 0.0, 0.0)		0.7106282		0		NW
301		1905980	1906807	240	1		False		False		True		(0.0, 0.0, 0.0)		0.6663869		0		NW
