TrialNumber	StartTime	EndTime	CoherenceAngle	StaircaseNumber	CombinedResponse	CorrectVertical	CorrectHorizontal	GazeErrorHeadErrorStimulusDirection
0		26669.18	27394.34	0	1		True		True		True		(0.0, 0.0, 0.0)		0.2741147		0		NE
1		31788.65	32557.68	0	1		True		True		True		(0.0, 0.0, 0.0)		0.4535642		0		SW
2		35813.26	36640.48	40	1		True		True		True		(0.0, 0.0, 0.0)		0.3124081		0		SW
3		39838.65	40439.46	40	1		True		True		True		(0.0, 0.0, 0.0)		0.1531785		0		NE
4		43857.68	44416.97	80	1		True		True		True		(0.0, 0.0, 0.0)		0.6747984		0		NW
5		47876.02	48471.52	80	1		True		True		True		(0.0, 0.0, 0.0)		0.9229351		0		NW
6		51898.43	52489.25	120	1		True		True		True		(0.0, 0.0, 0.0)		0.8270476		0		NW
7		55911.8	56515.07	120	1		True		True		True		(0.0, 0.0, 0.0)		0.9529389		0		NW
8		59939.03	60472.61	160	1		True		True		True		(0.0, 0.0, 0.0)		1.646733		0		NW
9		63954.13	64689.38	160	1		False		False		True		(0.0, 0.0, 0.0)		0.3339135		0		NE
10		68034.78	68727.96	120	1		True		True		True		(0.0, 0.0, 0.0)		0.2737017		0		NW
11		72055.71	72823.56	120	1		True		True		True		(0.0, 0.0, 0.0)		0.3511686		0		NW
12		76071.32	76753.44	160	1		True		True		True		(0.0, 0.0, 0.0)		0.3692081		0		NE
13		80091.8	80921.16	160	1		True		True		True		(0.0, 0.0, 0.0)		0.2831601		0		SE
14		84114.41	84732.42	200	1		True		True		True		(0.0, 0.0, 0.0)		0.160353		0		NE
15		92795.92	93614.96	200	1		False		False		True		(0.0, 0.0, 0.0)		0.02451062		0		NE
16		96820.3	97512.02	160	1		False		False		True		(0.0, 0.0, 0.0)		0.2300144		0		NW
17		100846.4	101499.7	120	1		False		False		True		(0.0, 0.0, 0.0)		0.4158531		0		NW
18		104878.6	105478.9	80	1		True		True		True		(0.0, 0.0, 0.0)		0.2887161		0		NE
19		108897.3	109636.3	80	1		True		True		True		(0.0, 0.0, 0.0)		0.2044245		0		SE
20		112918.6	113427	120	1		True		True		True		(0.0, 0.0, 0.0)		0.1740598		0		SW
21		116938.2	117609.2	120	1		True		True		True		(0.0, 0.0, 0.0)		0.6362768		0		SE
22		120945.7	121683.2	160	1		True		True		True		(0.0, 0.0, 0.0)		0.4051525		0		NW
23		124959.4	125677	160	1		False		False		True		(0.0, 0.0, 0.0)		0.4960769		0		NE
24		128982.8	129675.6	120	1		True		True		True		(0.0, 0.0, 0.0)		0.1126478		0		SW
25		133006.1	133651.3	120	1		True		True		True		(0.0, 0.0, 0.0)		0.4889632		0		NW
26		137019.4	137665.1	160	1		True		True		True		(0.0, 0.0, 0.0)		0.3831545		0		NW
27		141886	142590.5	160	1		True		True		True		(0.0, 0.0, 0.0)		0.5917528		0		NE
28		145902	146591.3	200	1		False		True		False		(0.0, 0.0, 0.0)		0.2080931		0		NW
29		157947.7	158711.7	200	1		True		True		True		(0.0, 0.0, 0.0)		0.1823862		0		NE
30		161966.6	162760	240	1		True		True		True		(0.0, 0.0, 0.0)		0.6471618		0		SE
31		169988	170872.3	240	1		False		False		True		(0.0, 0.0, 0.0)		0.4061511		0		NW
32		173994.5	174726.5	200	1		True		True		True		(0.0, 0.0, 0.0)		0.2229407		0		NE
33		178030.1	179368.7	200	1		False		False		True		(0.0, 0.0, 0.0)		0.280825		0		NE
34		182047.9	183423.5	160	1		False		False		True		(0.0, 0.0, 0.0)		0.1938068		0		SE
35		186064	186752.3	120	1		False		False		True		(0.0, 0.0, 0.0)		0.2063522		0		NW
36		190073	190702.5	80	1		True		True		True		(0.0, 0.0, 0.0)		0.01192341		0		NW
37		194088.5	194786.1	80	1		True		True		True		(0.0, 0.0, 0.0)		0.2070769		0		SW
38		198115	198814.7	120	1		True		True		True		(0.0, 0.0, 0.0)		0.3048497		0		SE
39		202136.2	203101.1	120	1		True		True		True		(0.0, 0.0, 0.0)		0.1156741		0		SE
40		206148.8	206779.5	160	1		True		True		True		(0.0, 0.0, 0.0)		0.1213118		0		NW
41		214209.1	215036.2	160	1		True		True		True		(0.0, 0.0, 0.0)		0.2145387		0		SE
42		218240.4	218903.2	200	1		True		True		True		(0.0, 0.0, 0.0)		0.5149295		0		SW
43		222260.9	222953.8	200	1		False		False		True		(0.0, 0.0, 0.0)		0.3238941		0		NW
44		226281.9	227008.2	160	1		True		True		True		(0.0, 0.0, 0.0)		0.3331251		0		NW
45		230297.4	231018.6	160	1		True		True		True		(0.0, 0.0, 0.0)		0.8383722		0		NW
46		234325.3	235263.5	200	1		False		False		True		(0.0, 0.0, 0.0)		0.7232739		0		NE
47		238340.7	238933.1	160	1		True		True		True		(0.0, 0.0, 0.0)		0.5411343		0		NW
48		242361.3	243161.8	160	1		True		True		True		(0.0, 0.0, 0.0)		0.1036141		0		SE
49		250615.9	251299	200	1		True		True		True		(0.0, 0.0, 0.0)		0.4395235		0		NW
50		254633.6	255484.5	200	1		False		False		True		(0.0, 0.0, 0.0)		0.5063732		0		NW
51		258659.6	259357.5	160	1		True		True		True		(0.0, 0.0, 0.0)		0.313998		0		SW
52		262682	263410.4	160	1		True		True		True		(0.0, 0.0, 0.0)		0.6262367		0		NE
53		266713.2	267644	200	1		False		False		True		(0.0, 0.0, 0.0)		0.7666543		0		SE
54		270734	271489.6	160	1		True		True		True		(0.0, 0.0, 0.0)		0.4065545		0		SE
55		274752	276025.8	160	1		True		True		True		(0.0, 0.0, 0.0)		0.3346966		0		SE
56		282784.4	284340.9	200	1		False		False		True		(0.0, 0.0, 0.0)		0.8562431		0		NE
57		286811.6	287447.4	160	1		True		True		True		(0.0, 0.0, 0.0)		0.3994949		0		NW
58		291136.4	292020	160	1		True		True		True		(0.0, 0.0, 0.0)		0.6674836		0		NW
59		296158.2	296928.4	200	1		True		True		True		(0.0, 0.0, 0.0)		0.2445282		0		SW
60		300189.7	301174.8	200	1		False		False		True		(0.0, 0.0, 0.0)		0.2812819		0		NE
61		304393	305120.5	160	1		True		True		True		(0.0, 0.0, 0.0)		0.0684555		0		SE
62		308415.2	309384.6	160	1		False		False		True		(0.0, 0.0, 0.0)		0.2620254		0		SW
63		312716.6	313317.8	120	1		True		True		True		(0.0, 0.0, 0.0)		0.1176137		0		NE
64		316730.8	317473.8	120	1		True		True		True		(0.0, 0.0, 0.0)		0.6891385		0		SE
65		320757.4	321347.8	160	1		True		True		True		(0.0, 0.0, 0.0)		0.6385191		0		NE
66		324784.8	325367.4	160	1		True		True		True		(0.0, 0.0, 0.0)		0.3667488		0		NW
67		329169.7	330073.5	200	1		True		True		True		(0.0, 0.0, 0.0)		0.4183653		0		NW
68		333196	333967.9	200	1		False		False		True		(0.0, 0.0, 0.0)		0.3385159		0		NW
69		337227.4	338222.9	160	1		True		True		True		(0.0, 0.0, 0.0)		0.6949857		0		NE
70		341243.4	341909.3	160	1		True		True		True		(0.0, 0.0, 0.0)		0.3212819		0		SE
71		345255.5	345967	200	1		True		True		True		(0.0, 0.0, 0.0)		0.6492364		0		SW
72		349281.4	350063	200	1		True		True		True		(0.0, 0.0, 0.0)		0.6503516		0		SW
73		353299.8	354211.8	240	1		False		True		False		(0.0, 0.0, 0.0)		0.4943305		0		NE
74		357307.3	358000.9	240	1		False		False		True		(0.0, 0.0, 0.0)		0.4892077		0		NW
75		361334.3	362068.8	200	1		True		True		True		(0.0, 0.0, 0.0)		0.2899089		0		NE
76		365355.9	366075.2	200	1		False		False		True		(0.0, 0.0, 0.0)		0.7551043		0		NW
77		369374.5	370025.9	160	1		True		True		True		(0.0, 0.0, 0.0)		0.5314666		0		SW
78		373391.5	374100.6	160	1		True		True		True		(0.0, 0.0, 0.0)		0.3140844		0		SE
79		377417.1	378133.1	200	1		True		True		True		(0.0, 0.0, 0.0)		0.9785538		0		SW
80		381435.7	382184.1	200	1		False		False		True		(0.0, 0.0, 0.0)		0.3728236		0		NW
81		385450.3	386149.4	160	1		True		True		True		(0.0, 0.0, 0.0)		0.5743273		0		SE
82		389469.5	390203.7	160	1		True		True		True		(0.0, 0.0, 0.0)		0.8619103		0		SE
83		393488.4	394495.4	200	1		False		True		False		(0.0, 0.0, 0.0)		0.6740997		0		SE
84		397504.4	398387.8	200	1		True		True		True		(0.0, 0.0, 0.0)		0.7703995		0		SE
85		401529.5	402245.8	240	1		True		True		True		(0.0, 0.0, 0.0)		0.1345827		0		SW
86		405549.8	406275.3	240	1		False		True		False		(0.0, 0.0, 0.0)		0.5583926		0		SE
87		409563.2	410568.4	280	1		False		False		True		(0.0, 0.0, 0.0)		0.1012713		0		SE
88		413579.9	414186.5	240	1		True		True		True		(0.0, 0.0, 0.0)		0.4347536		0		NE
89		417587.8	418353.7	240	1		True		True		True		(0.0, 0.0, 0.0)		0.5943768		0		NE
90		421923	422772.3	280	1		False		False		True		(0.0, 0.0, 0.0)		0.6170294		0		SE
91		425948.3	427060.7	240	1		False		False		True		(0.0, 0.0, 0.0)		0.3963071		0		NW
92		429973.8	430825.3	200	1		False		False		True		(0.0, 0.0, 0.0)		0.7023051		0		NW
93		433996.7	434648.8	160	1		True		True		True		(0.0, 0.0, 0.0)		0.3112696		0		SW
94		438017.5	438629.7	160	1		True		True		True		(0.0, 0.0, 0.0)		0.4179019		0		NE
95		442034	443047	200	1		True		True		True		(0.0, 0.0, 0.0)		0.5920595		0		SW
96		446041	446719	200	1		False		True		False		(0.0, 0.0, 0.0)		0.6140418		0		NW
97		450047.2	450666.4	240	1		True		True		True		(0.0, 0.0, 0.0)		0.4184429		0		SW
98		454062.2	454819.6	240	1		True		True		True		(0.0, 0.0, 0.0)		0.3508714		0		SW
99		458082.6	459033.5	280	1		False		False		True		(0.0, 0.0, 0.0)		0.5656906		0		NW
100		463110.3	463879.3	240	1		False		False		True		(0.0, 0.0, 0.0)		0.6775874		0		NW
101		467124.8	467790.6	200	1		True		True		True		(0.0, 0.0, 0.0)		0.650748		0		SW
102		475161.8	476095.9	200	1		True		True		True		(0.0, 0.0, 0.0)		0.4604979		0		NW
103		479181.9	479998.3	240	1		False		False		True		(0.0, 0.0, 0.0)		0.1784569		0		SE
104		483197.7	484318.7	200	1		False		False		False		(0.0, 0.0, 0.0)		0.4478902		0		SE
105		487217.3	487812	160	1		True		True		True		(0.0, 0.0, 0.0)		0.4604057		0		NE
106		491250.7	492289.4	160	1		True		True		True		(0.0, 0.0, 0.0)		0.3979316		0		SW
107		499301.6	500207.4	200	1		True		True		True		(0.0, 0.0, 0.0)		1.115832		0		NW
108		503320.1	503994.6	200	1		True		True		True		(0.0, 0.0, 0.0)		0.8377147		0		SW
109		507339.1	508147	240	1		False		False		True		(0.0, 0.0, 0.0)		0.2233243		0		NE
110		511364.7	512136.5	200	1		True		True		True		(0.0, 0.0, 0.0)		0.4442327		0		NW
111		515385.4	516434.3	200	1		False		False		True		(0.0, 0.0, 0.0)		0.5063551		0		NW
112		519398.8	520019.2	160	1		True		True		True		(0.0, 0.0, 0.0)		0.3315071		0		SE
113		523415.9	524409.4	160	1		True		True		True		(0.0, 0.0, 0.0)		0.4960977		0		NE
114		527441.1	528060.6	200	1		True		True		True		(0.0, 0.0, 0.0)		0.5051824		0		NE
115		531471.5	532152	200	1		True		True		True		(0.0, 0.0, 0.0)		0.6378352		0		SW
116		535492.6	536162.8	240	1		False		False		True		(0.0, 0.0, 0.0)		0.3786607		0		NW
117		539509.6	540119.6	200	1		True		True		True		(0.0, 0.0, 0.0)		0.5919563		0		SW
118		543522.7	544252.6	200	1		False		False		True		(0.0, 0.0, 0.0)		1.188769		0		SW
119		547621.7	548337.1	160	1		True		True		True		(0.0, 0.0, 0.0)		0.8032486		0		SW
120		551636.4	552476.7	160	1		True		True		True		(0.0, 0.0, 0.0)		0.749365		0		SW
121		555658.6	556390.1	200	1		True		True		True		(0.0, 0.0, 0.0)		0.5904941		0		NE
122		559673.2	560297.1	200	1		True		True		True		(0.0, 0.0, 0.0)		0.7434731		0		NE
123		563692.4	564415.9	240	1		False		True		False		(0.0, 0.0, 0.0)		0.7840529		0		SW
124		567719.8	568332.7	240	1		True		True		True		(0.0, 0.0, 0.0)		0.9230378		0		NE
125		571736.5	572641.3	280	1		True		True		True		(0.0, 0.0, 0.0)		0.6314674		0		NW
126		575763.1	576457.6	280	1		True		True		True		(0.0, 0.0, 0.0)		0.69235		0		NE
127		579783.8	580385.3	320	1		False		False		False		(0.0, 0.0, 0.0)		0.364576		0		SE
128		583801.2	584726.2	280	1		True		True		True		(0.0, 0.0, 0.0)		0.2610259		0		SE
129		587821.4	588756	280	1		False		True		False		(0.0, 0.0, 0.0)		0.2876459		0		SW
130		591843.3	592724.1	320	1		False		True		False		(0.0, 0.0, 0.0)		0.3717385		0		NW
131		595861.3	596575.1	320	1		False		False		True		(0.0, 0.0, 0.0)		0.4548389		0		NW
132		599881.2	600804.2	280	1		False		False		True		(0.0, 0.0, 0.0)		0.07551639		0		NE
133		603893.6	604718.8	240	1		False		False		True		(0.0, 0.0, 0.0)		0.8106115		0		NW
134		608237.2	609051.8	200	1		True		True		True		(0.0, 0.0, 0.0)		0.326896		0		SE
135		612243.3	612884.3	200	1		True		True		True		(0.0, 0.0, 0.0)		0.2561428		0		NE
136		616257.1	616918	240	1		True		True		True		(0.0, 0.0, 0.0)		0.3759095		0		SW
137		620281.4	621531.3	240	1		True		True		True		(0.0, 0.0, 0.0)		0.5367436		0		SW
138		624297.8	625107.7	280	1		True		True		True		(0.0, 0.0, 0.0)		0.4551421		0		SE
139		628318.2	629153	280	1		True		True		True		(0.0, 0.0, 0.0)		0.5814378		0		SW
140		632339.1	633106.3	320	1		False		False		True		(0.0, 0.0, 0.0)		0.4044397		0		NW
141		636364.5	637625.2	280	1		True		True		True		(0.0, 0.0, 0.0)		0.8063526		0		NE
142		640385.3	641131.1	280	1		True		True		True		(0.0, 0.0, 0.0)		0.6530865		0		NE
143		644410.8	645289.9	320	1		False		False		False		(0.0, 0.0, 0.0)		0.3462522		0		SW
144		648426.8	649218.5	280	1		False		True		False		(0.0, 0.0, 0.0)		0.545372		0		SW
145		652436.4	653324.9	280	1		False		True		False		(0.0, 0.0, 0.0)		0.832859		0		SW
146		656458.4	657219.6	320	1		False		True		False		(0.0, 0.0, 0.0)		0.6201234		0		NW
147		660476.1	661221.5	320	1		True		True		True		(0.0, 0.0, 0.0)		0.6290182		0		NE
148		664501	665592	338	1		True		True		True		(0.0, 0.0, 0.0)		0.8401181		0		NW
149		668511.1	669178.7	338	1		False		False		True		(0.0, 0.0, 0.0)		0.420532		0		NW
150		672528.2	673357	320	1		False		True		False		(0.0, 0.0, 0.0)		0.7658582		0		NE
151		676549.4	677922.1	320	1		False		True		False		(0.0, 0.0, 0.0)		0.6039461		0		NW
152		680566.4	681253.9	338	1		False		True		False		(0.0, 0.0, 0.0)		0.2016292		0		NW
153		684583	685248.6	338	1		False		False		True		(0.0, 0.0, 0.0)		0.5228878		0		NW
154		688604.1	689916.2	320	1		True		True		True		(0.0, 0.0, 0.0)		0.5967945		0		NW
155		692625.4	693587.8	320	1		False		False		True		(0.0, 0.0, 0.0)		0.4342056		0		NE
156		696639.6	697502.5	280	1		False		False		True		(0.0, 0.0, 0.0)		0.3277892		0		SE
157		700654.9	701523	240	1		False		False		True		(0.0, 0.0, 0.0)		0.5343853		0		NW
158		704681.7	705474.3	200	1		True		True		True		(0.0, 0.0, 0.0)		0.37809		0		NE
159		708698.1	709457.4	200	1		True		True		True		(0.0, 0.0, 0.0)		0.7629646		0		NW
160		712721.8	713413.5	240	1		True		True		True		(0.0, 0.0, 0.0)		0.605873		0		SE
161		716734.4	717647.1	240	1		False		False		True		(0.0, 0.0, 0.0)		0.2519548		0		NW
162		720755.8	721736.9	200	1		False		False		True		(0.0, 0.0, 0.0)		0.538111		0		SE
163		724779.8	725589.3	160	1		True		True		True		(0.0, 0.0, 0.0)		0.367914		0		NE
164		728799	729536.9	160	1		True		True		True		(0.0, 0.0, 0.0)		0.6452776		0		NW
165		732820.7	733747.8	200	1		True		True		True		(0.0, 0.0, 0.0)		0.2309943		0		NW
166		736834.1	737519.8	200	1		True		True		True		(0.0, 0.0, 0.0)		0.6504503		0		NE
167		740852	741593.4	240	1		False		False		True		(0.0, 0.0, 0.0)		0.2655373		0		NW
168		744873.1	745598.2	200	1		True		True		True		(0.0, 0.0, 0.0)		0.7430417		0		NE
169		748895.1	749572	200	1		False		True		False		(0.0, 0.0, 0.0)		0.684293		0		SW
170		752921	753708.1	240	1		False		False		True		(0.0, 0.0, 0.0)		0.2584554		0		SW
171		756935.8	757525.3	200	1		True		True		True		(0.0, 0.0, 0.0)		0.9959524		0		NW
172		760950.2	761779.8	200	1		False		False		True		(0.0, 0.0, 0.0)		0.3687161		0		NE
173		765445.9	766076.3	160	1		True		True		True		(0.0, 0.0, 0.0)		0.194303		0		NE
174		769465.4	770270.4	160	1		True		True		True		(0.0, 0.0, 0.0)		0.5154057		0		SE
175		773473.8	774565.6	200	1		False		False		True		(0.0, 0.0, 0.0)		0.7303715		0		NW
176		777495.7	778136.6	160	1		True		True		True		(0.0, 0.0, 0.0)		0.4588676		0		NE
177		781515.9	782376.9	160	1		True		True		True		(0.0, 0.0, 0.0)		0.6063459		0		NW
178		786518.9	787236.8	200	1		False		True		False		(0.0, 0.0, 0.0)		0.7417734		0		SW
179		790539.3	791243.8	200	1		True		True		True		(0.0, 0.0, 0.0)		0.4852735		0		SW
180		794554.4	795296.4	240	1		False		False		True		(0.0, 0.0, 0.0)		0.5962692		0		NW
181		798578.8	799323.3	200	1		False		False		True		(0.0, 0.0, 0.0)		0.5193185		0		NW
182		802591.9	803223.8	160	1		True		True		True		(0.0, 0.0, 0.0)		0.6626638		0		NW
183		806716.5	807520	160	1		True		True		True		(0.0, 0.0, 0.0)		0.2432999		0		SE
184		810729.9	811446.8	200	1		True		True		True		(0.0, 0.0, 0.0)		0.4641622		0		NW
185		814760.3	815527.9	200	1		True		True		True		(0.0, 0.0, 0.0)		0.4645828		0		NW
186		818781.5	819494.5	240	1		False		True		False		(0.0, 0.0, 0.0)		0.7825082		0		SE
187		822796.2	823359.9	240	1		True		True		True		(0.0, 0.0, 0.0)		0.7643893		0		NE
188		826798.6	827523.3	280	1		True		True		True		(0.0, 0.0, 0.0)		0.7801928		0		NW
189		830819.2	831516.4	280	1		False		True		False		(0.0, 0.0, 0.0)		0.8004061		0		SE
190		834841.7	835615.9	320	1		False		True		False		(0.0, 0.0, 0.0)		1.219527		0		NW
191		838862.4	839530.8	320	1		False		True		False		(0.0, 0.0, 0.0)		0.45731		0		NW
192		842894	843563.6	338	1		False		False		False		(0.0, 0.0, 0.0)		0.5244292		0		NE
193		846912.1	847697.4	320	1		False		True		False		(0.0, 0.0, 0.0)		0.2452601		0		SW
194		850930.8	851537.9	320	1		True		True		True		(0.0, 0.0, 0.0)		0.7298675		0		NE
195		854953.9	855681.9	338	1		False		True		False		(0.0, 0.0, 0.0)		0.7449464		0		SE
196		858975.7	859662.1	338	1		False		False		True		(0.0, 0.0, 0.0)		0.4962549		0		NW
197		863203.8	863928	320	1		False		True		False		(0.0, 0.0, 0.0)		0.4088791		0		SW
198		867228.1	867983.2	320	1		False		True		False		(0.0, 0.0, 0.0)		0.4227164		0		NE
199		871240.1	872426.9	338	1		False		True		False		(0.0, 0.0, 0.0)		1.254872		0		SE
200		875265.8	876091.2	338	1		True		True		True		(0.0, 0.0, 0.0)		0.264447		0		SW
201		879278	880163.8	338	1		False		False		False		(0.0, 0.0, 0.0)		0.1930243		0		SW
202		883294.8	884390.9	320	1		False		False		False		(0.0, 0.0, 0.0)		0.1976551		0		NE
203		887317.8	889057.4	280	1		False		False		True		(0.0, 0.0, 0.0)		0.5021466		0		NW
204		891339.8	892111.9	240	1		True		True		True		(0.0, 0.0, 0.0)		0.5307981		0		NE
205		895356.1	896095.2	240	1		False		True		False		(0.0, 0.0, 0.0)		0.9235349		0		NW
206		899369.3	900301.6	280	1		False		False		True		(0.0, 0.0, 0.0)		0.6738088		0		SE
207		903384.6	903961.6	240	1		True		True		True		(0.0, 0.0, 0.0)		0.9608909		0		NE
208		907393.1	908370.3	240	1		False		True		False		(0.0, 0.0, 0.0)		0.4247412		0		NW
209		911418.7	912223.8	280	1		False		False		True		(0.0, 0.0, 0.0)		0.7054239		0		SE
210		915439.9	916151.7	240	1		True		True		True		(0.0, 0.0, 0.0)		0.3462942		0		SW
211		919458.9	920363.9	240	1		False		False		True		(0.0, 0.0, 0.0)		0.2503113		0		NW
212		923470.1	924143.6	200	1		False		False		True		(0.0, 0.0, 0.0)		0.1445315		0		NW
213		927489.3	928242.4	160	1		True		True		True		(0.0, 0.0, 0.0)		0.55723		0		SW
214		931505.9	932300.5	160	1		True		True		True		(0.0, 0.0, 0.0)		0.6285143		0		NE
215		935532.5	936361.6	200	1		False		True		False		(0.0, 0.0, 0.0)		0.7125191		0		SW
216		939652.9	940210.8	200	1		True		True		True		(0.0, 0.0, 0.0)		0.2662746		0		NW
217		943684.2	944480.2	240	1		False		True		False		(0.0, 0.0, 0.0)		0.4050052		0		SW
218		947697.6	948626.7	240	1		False		False		True		(0.0, 0.0, 0.0)		0.351746		0		SW
219		951716.7	952492.4	200	1		True		True		True		(0.0, 0.0, 0.0)		0.6465562		0		SW
220		955738.1	957196.6	200	1		False		False		False		(0.0, 0.0, 0.0)		0.6902024		0		SE
221		959756.6	960352.8	160	1		True		True		True		(0.0, 0.0, 0.0)		0.6964513		0		NW
222		963775.8	964396.5	160	1		True		True		True		(0.0, 0.0, 0.0)		0.2894894		0		NE
223		967806.9	968706.9	200	1		True		True		True		(0.0, 0.0, 0.0)		0.09587453		0		SW
224		971829.1	972675.8	200	1		True		True		True		(0.0, 0.0, 0.0)		0.5235401		0		SW
225		975851.9	976549.3	240	1		True		True		True		(0.0, 0.0, 0.0)		0.6656858		0		NW
226		979882.1	980811.9	240	1		False		True		False		(0.0, 0.0, 0.0)		0.5727181		0		SE
227		984591.9	985333.3	280	1		False		False		True		(0.0, 0.0, 0.0)		0.5857884		0		SW
228		988849.9	989582.3	240	1		True		True		True		(0.0, 0.0, 0.0)		0.9280438		0		NW
229		992873.4	993673.1	240	1		False		False		True		(0.0, 0.0, 0.0)		0.3980094		0		SE
230		996893.4	997541.8	200	1		True		True		True		(0.0, 0.0, 0.0)		0.5277779		0		SW
231		1000914	1002347	200	1		False		False		False		(0.0, 0.0, 0.0)		0.5660849		0		SW
232		1004927	1005553	160	1		True		True		True		(0.0, 0.0, 0.0)		0.5012393		0		NW
233		1008939	1009663	160	1		True		True		True		(0.0, 0.0, 0.0)		0.6015685		0		NW
234		1012964	1013706	200	1		True		True		True		(0.0, 0.0, 0.0)		0.3286391		0		SE
235		1016987	1017619	200	1		False		False		True		(0.0, 0.0, 0.0)		0.5370682		0		SW
236		1021018	1021797	160	1		False		False		False		(0.0, 0.0, 0.0)		0.4805251		0		SE
237		1025038	1025620	120	1		True		True		True		(0.0, 0.0, 0.0)		0.9493101		0		NW
238		1029054	1029614	120	1		True		True		True		(0.0, 0.0, 0.0)		0.893402		0		NW
239		1033066	1033770	160	1		True		True		True		(0.0, 0.0, 0.0)		0.3871246		0		SE
240		1037081	1037667	160	1		True		True		True		(0.0, 0.0, 0.0)		0.5682802		0		NW
241		1041093	1042383	200	1		True		True		True		(0.0, 0.0, 0.0)		0.804477		0		SE
242		1045116	1046217	200	1		False		False		True		(0.0, 0.0, 0.0)		0.3781032		0		NE
243		1049135	1049872	160	1		False		False		True		(0.0, 0.0, 0.0)		0.8135842		0		SW
244		1053153	1053850	120	1		True		True		True		(0.0, 0.0, 0.0)		0.3048898		0		NE
245		1057169	1058055	120	1		True		True		True		(0.0, 0.0, 0.0)		0.5324666		0		NE
246		1061178	1062144	160	1		True		True		True		(0.0, 0.0, 0.0)		0.5201222		0		SE
247		1065190	1065915	160	1		True		True		True		(0.0, 0.0, 0.0)		0.5414873		0		NW
248		1069210	1069929	200	1		True		True		True		(0.0, 0.0, 0.0)		0.6887757		0		SE
249		1073228	1074167	200	1		False		False		True		(0.0, 0.0, 0.0)		0.6668266		0		SE
250		1077239	1077859	160	1		True		True		True		(0.0, 0.0, 0.0)		0.8333022		0		NE
251		1081257	1081978	160	1		True		True		True		(0.0, 0.0, 0.0)		0.8434526		0		NE
252		1085279	1085976	200	1		False		False		True		(0.0, 0.0, 0.0)		0.7644663		0		NW
253		1089301	1090034	160	1		True		True		True		(0.0, 0.0, 0.0)		0.7640038		0		SW
254		1093323	1094015	160	1		True		True		True		(0.0, 0.0, 0.0)		0.8751444		0		NW
255		1097331	1098340	200	1		False		False		True		(0.0, 0.0, 0.0)		0.9767025		0		NW
256		1101362	1102012	160	1		True		True		True		(0.0, 0.0, 0.0)		0.7690988		0		SE
257		1105390	1106083	160	1		True		True		True		(0.0, 0.0, 0.0)		0.8145944		0		NE
258		1109412	1110233	200	1		False		True		False		(0.0, 0.0, 0.0)		0.5581571		0		SW
259		1113427	1114466	200	1		True		True		True		(0.0, 0.0, 0.0)		1.338102		0		SW
260		1117448	1118798	240	1		False		True		False		(0.0, 0.0, 0.0)		0.7090453		0		NE
261		1121458	1122328	240	1		True		True		True		(0.0, 0.0, 0.0)		1.36061		0		NW
262		1125490	1126429	280	1		False		True		False		(0.0, 0.0, 0.0)		0.1469024		0		SW
263		1129506	1130422	280	1		False		False		True		(0.0, 0.0, 0.0)		0.6506235		0		SE
264		1133520	1134245	240	1		False		False		True		(0.0, 0.0, 0.0)		0.2343059		0		NE
265		1137540	1138423	200	1		False		True		False		(0.0, 0.0, 0.0)		0.6138806		0		SW
266		1141608	1142393	200	1		True		True		True		(0.0, 0.0, 0.0)		0.6432098		0		NW
267		1145628	1146371	240	1		False		False		True		(0.0, 0.0, 0.0)		0.3215494		0		SE
268		1149648	1150422	200	1		True		True		True		(0.0, 0.0, 0.0)		0.5334096		0		SW
269		1153662	1154521	200	1		True		True		True		(0.0, 0.0, 0.0)		0.6020125		0		SE
270		1157691	1158565	240	1		False		False		True		(0.0, 0.0, 0.0)		0.4522006		0		NE
271		1161713	1162419	200	1		False		False		True		(0.0, 0.0, 0.0)		0.480253		0		NE
272		1165733	1166514	160	1		True		True		True		(0.0, 0.0, 0.0)		0.4632457		0		SW
273		1169743	1170527	160	1		True		True		True		(0.0, 0.0, 0.0)		0.1826584		0		SE
274		1173750	1174307	200	1		True		True		True		(0.0, 0.0, 0.0)		0.2216513		0		NW
275		1177762	1178651	200	1		True		True		True		(0.0, 0.0, 0.0)		0.8711817		0		SW
276		1181865	1182519	240	1		False		False		True		(0.0, 0.0, 0.0)		0.7328417		0		SW
277		1185879	1186918	200	1		False		True		False		(0.0, 0.0, 0.0)		0.8830107		0		SW
278		1191075	1191949	200	1		False		False		True		(0.0, 0.0, 0.0)		0.07592017		0		SW
279		1195093	1195713	160	1		True		True		True		(0.0, 0.0, 0.0)		0.6270978		0		NE
280		1199103	1199831	160	1		True		True		True		(0.0, 0.0, 0.0)		0.7004825		0		NW
281		1203135	1204328	200	1		True		True		True		(0.0, 0.0, 0.0)		0.2757549		0		SE
282		1207169	1208095	200	1		False		True		False		(0.0, 0.0, 0.0)		0.565425		0		SE
283		1211190	1212947	240	1		False		False		True		(0.0, 0.0, 0.0)		0.65463		0		SE
284		1215639	1216389	200	1		False		False		True		(0.0, 0.0, 0.0)		0.5400768		0		SW
285		1219654	1220265	160	1		True		True		True		(0.0, 0.0, 0.0)		0.5946828		0		NE
286		1223681	1224382	160	1		True		True		True		(0.0, 0.0, 0.0)		0.3531589		0		SW
287		1227703	1228936	200	1		False		False		True		(0.0, 0.0, 0.0)		0.4744938		0		SE
288		1231726	1232331	160	1		True		True		True		(0.0, 0.0, 0.0)		0.9932366		0		NE
289		1235744	1236376	160	1		True		True		True		(0.0, 0.0, 0.0)		0.3263309		0		NW
290		1239770	1240567	200	1		False		True		False		(0.0, 0.0, 0.0)		0.1820212		0		SE
291		1243783	1244521	200	1		True		True		True		(0.0, 0.0, 0.0)		0.09891555		0		NW
292		1247819	1248952	240	1		False		True		False		(0.0, 0.0, 0.0)		0.325814		0		NW
293		1251831	1252717	240	1		True		True		True		(0.0, 0.0, 0.0)		0.5996183		0		SW
294		1255845	1256591	280	1		True		True		True		(0.0, 0.0, 0.0)		0.4700131		0		SW
295		1259872	1260640	280	1		True		True		True		(0.0, 0.0, 0.0)		0.9964944		0		NW
296		1263889	1264854	320	1		False		False		True		(0.0, 0.0, 0.0)		0.2139875		0		NW
297		1267900	1268771	280	1		False		False		True		(0.0, 0.0, 0.0)		0.7541239		0		NE
298		1271918	1272554	240	1		True		True		True		(0.0, 0.0, 0.0)		0.4275213		0		NW
299		1275936	1276675	240	1		False		False		True		(0.0, 0.0, 0.0)		0.4352877		0		SE
300		1279963	1280888	200	1		False		False		False		(0.0, 0.0, 0.0)		0.4247637		0		SW
