TrialNumber	StartTime	EndTime	CoherenceAngle	StaircaseNumber	CombinedResponse	CorrectVertical	CorrectHorizontal	GazeErrorHeadErrorStimulusDirection
0		49437.29	50714.72	0	1		True		True		True		(0.0, 0.0, 0.0)		0.5699589		0		NW
1		53551.58	54456.83	0	1		True		True		True		(0.0, 0.0, 0.0)		0.3213271		0		SW
2		57574.17	58269.48	40	1		True		True		True		(0.0, 0.0, 0.0)		0.7593336		0		NE
3		62122.39	62893.57	40	1		True		True		True		(0.0, 0.0, 0.0)		0.3722563		0		SW
4		66143.02	66862.59	80	1		True		True		True		(0.0, 0.0, 0.0)		0.3874443		0		NE
5		70489.32	71316.41	80	1		True		True		True		(0.0, 0.0, 0.0)		0.5701822		0		SW
6		74538.51	75382.98	120	1		True		True		True		(0.0, 0.0, 0.0)		0.111286		0		NW
7		78551.34	79325.11	120	1		True		True		True		(0.0, 0.0, 0.0)		0.5340683		0		SW
8		83882.89	84632.85	160	1		True		True		True		(0.0, 0.0, 0.0)		0.3804449		0		SE
9		87914.91	88786.61	160	1		True		True		True		(0.0, 0.0, 0.0)		0.4862734		0		SW
10		91923.99	92791.74	200	1		True		True		True		(0.0, 0.0, 0.0)		0.4765207		0		NE
11		95934.16	96849.68	200	1		True		True		True		(0.0, 0.0, 0.0)		0.4079697		0		NW
12		99997.98	101161.7	240	1		True		True		True		(0.0, 0.0, 0.0)		0.2238439		0		NE
13		108049.8	108967.7	240	1		True		True		True		(0.0, 0.0, 0.0)		0.8707873		0		NW
14		112643.2	113609.9	280	1		True		True		True		(0.0, 0.0, 0.0)		1.069487		0		NE
15		116663.3	117729.4	280	1		True		True		True		(0.0, 0.0, 0.0)		0.8442591		0		SE
16		120676	122532.6	320	1		False		False		True		(0.0, 0.0, 0.0)		0.7039357		0		NW
17		125443	126720	280	1		False		False		False		(0.0, 0.0, 0.0)		0.4873967		0		SW
18		129463.4	130368.6	240	1		True		True		True		(0.0, 0.0, 0.0)		0.4351525		0		NE
19		133483.4	134615.2	240	1		True		True		True		(0.0, 0.0, 0.0)		0.7366843		0		NW
20		137504.3	138981.4	280	1		False		False		False		(0.0, 0.0, 0.0)		0.6512347		0		SW
21		146128.9	147716.6	240	1		True		True		True		(0.0, 0.0, 0.0)		0.4853923		0		SW
22		150442.7	152106.3	240	1		True		True		True		(0.0, 0.0, 0.0)		0.214282		0		NW
23		154469.8	155625.5	280	1		False		False		False		(0.0, 0.0, 0.0)		0.7207072		0		SW
24		158486.6	159258.5	240	1		True		True		True		(0.0, 0.0, 0.0)		0.1321209		0		NE
25		162505	163432.1	240	1		True		True		True		(0.0, 0.0, 0.0)		1.376705		0		SE
26		166525.1	167563.8	280	1		True		True		True		(0.0, 0.0, 0.0)		0.2897639		0		NE
27		170534.8	172224.3	280	1		False		True		False		(0.0, 0.0, 0.0)		0.6071597		0		SW
28		174949.3	175867.4	320	1		True		True		True		(0.0, 0.0, 0.0)		0.43653		0		NE
29		179185.8	180669.6	320	1		True		True		True		(0.0, 0.0, 0.0)		0.9048709		0		NE
30		183707	185829.9	338	1		False		True		False		(0.0, 0.0, 0.0)		0.5033416		0		NW
31		187715.8	188621.4	338	1		False		False		False		(0.0, 0.0, 0.0)		1.358238		0		SW
32		196507.7	197595.9	320	1		False		False		False		(0.0, 0.0, 0.0)		0.5878697		0		NW
33		200532.3	201527.8	280	1		False		False		False		(0.0, 0.0, 0.0)		0.7803016		0		SW
34		205463.4	206459.8	240	1		True		True		True		(0.0, 0.0, 0.0)		0.9274446		0		SE
35		209484	210301.3	240	1		False		True		False		(0.0, 0.0, 0.0)		0.3391013		0		NW
36		213494.8	215119.5	280	1		True		True		True		(0.0, 0.0, 0.0)		0.6662923		0		SE
37		217531.3	218619.3	280	1		False		True		False		(0.0, 0.0, 0.0)		0.5897214		0		NW
38		221556.2	224133.6	320	1		False		False		False		(0.0, 0.0, 0.0)		0.4385494		0		SE
39		226033	227061.1	280	1		True		True		True		(0.0, 0.0, 0.0)		0.1827483		0		SE
40		230042.2	231772.5	280	1		False		True		False		(0.0, 0.0, 0.0)		0.2075635		0		NW
41		234062.5	235760.2	320	1		True		True		True		(0.0, 0.0, 0.0)		0.4563563		0		NW
42		238082.3	240689.5	320	1		True		True		True		(0.0, 0.0, 0.0)		0.8631664		0		NW
43		242448.9	243930.9	338	1		True		True		True		(0.0, 0.0, 0.0)		0.3577487		0		SW
44		246468.7	247374.1	338	1		True		True		True		(0.0, 0.0, 0.0)		0.425676		0		NE
45		259046.5	260046.1	338	1		True		True		True		(0.0, 0.0, 0.0)		1.435409		0		NE
46		263057.5	264417	338	1		False		False		False		(0.0, 0.0, 0.0)		0.3085121		0		SW
47		267370.6	268313.5	320	1		False		False		False		(0.0, 0.0, 0.0)		0.3566113		0		SW
48		271601.9	272624.7	280	1		False		False		False		(0.0, 0.0, 0.0)		0.3752746		0		NW
49		275622.3	276583.4	240	1		True		True		True		(0.0, 0.0, 0.0)		0.3160785		0		NE
50		279643.6	280493	240	1		True		True		True		(0.0, 0.0, 0.0)		0.5185431		0		SE
51		283663.8	284703.4	280	1		False		False		False		(0.0, 0.0, 0.0)		0.3976328		0		SW
52		287923.6	288793.1	240	1		True		True		True		(0.0, 0.0, 0.0)		0.8471795		0		NE
53		292265.7	292979.1	240	1		True		True		True		(0.0, 0.0, 0.0)		0.1847222		0		SE
54		296286.2	297924.7	280	1		True		True		True		(0.0, 0.0, 0.0)		0.8756202		0		SW
55		300317.8	301339.9	280	1		True		True		True		(0.0, 0.0, 0.0)		0.3679856		0		NW
56		304338.5	305227.1	320	1		True		True		True		(0.0, 0.0, 0.0)		0.1585434		0		NE
57		308359	309415.9	320	1		True		True		True		(0.0, 0.0, 0.0)		0.3409625		0		NE
58		312381.7	313201.2	338	1		True		True		True		(0.0, 0.0, 0.0)		0.08471796		0		SE
59		316404.8	317377.5	338	1		False		True		False		(0.0, 0.0, 0.0)		0.4677448		0		NW
60		320414.8	321308.9	338	1		False		False		True		(0.0, 0.0, 0.0)		0.1308741		0		SE
61		324423.7	325230.4	320	1		False		False		False		(0.0, 0.0, 0.0)		0.2568877		0		SW
62		328444.7	329171.5	280	1		False		False		False		(0.0, 0.0, 0.0)		0.5974121		0		NW
63		332465.2	334481.9	240	1		False		False		False		(0.0, 0.0, 0.0)		0.3420693		0		SE
64		336585.2	337479.7	200	1		True		True		True		(0.0, 0.0, 0.0)		0.2887836		0		SE
65		340605.6	341388.8	200	1		True		True		True		(0.0, 0.0, 0.0)		0.2991284		0		SE
66		344637.5	345533.9	240	1		True		True		True		(0.0, 0.0, 0.0)		0.4442971		0		SE
67		349186.2	350274.7	240	1		True		True		True		(0.0, 0.0, 0.0)		0.7883945		0		NE
68		353384.7	354541.4	280	1		True		True		True		(0.0, 0.0, 0.0)		0.6259897		0		NW
69		357399.4	358281.8	280	1		False		False		False		(0.0, 0.0, 0.0)		0.3206019		0		SW
70		361425.6	362136.7	240	1		True		True		True		(0.0, 0.0, 0.0)		0.6791654		0		NE
71		365435.2	366334.1	240	1		True		True		True		(0.0, 0.0, 0.0)		0.3488002		0		NW
72		369448.9	370260.9	280	1		False		False		True		(0.0, 0.0, 0.0)		0.3190713		0		SE
73		373459	374186.2	240	1		True		True		True		(0.0, 0.0, 0.0)		0.5210816		0		NE
74		377875.2	378994.9	240	1		True		True		True		(0.0, 0.0, 0.0)		0.3816044		0		NW
75		381894.6	383143.1	280	1		True		True		True		(0.0, 0.0, 0.0)		0.2709229		0		NE
76		385913.7	387003	280	1		False		False		False		(0.0, 0.0, 0.0)		0.2711147		0		SW
77		390240.3	391625.5	240	1		False		False		False		(0.0, 0.0, 0.0)		0.2672244		0		NW
78		394266.3	395188.4	200	1		True		True		True		(0.0, 0.0, 0.0)		0.8398842		0		NW
79		398766.3	399536.2	200	1		True		True		True		(0.0, 0.0, 0.0)		0.3502959		0		SE
80		402786.5	403573.8	240	1		True		True		True		(0.0, 0.0, 0.0)		1.436769		0		NE
81		406809.7	407905.5	240	1		True		True		True		(0.0, 0.0, 0.0)		0.2411922		0		SE
82		410822.2	411592.6	280	1		True		True		True		(0.0, 0.0, 0.0)		0.3712982		0		SE
83		414841.5	416037.5	280	1		True		True		True		(0.0, 0.0, 0.0)		0.6817523		0		NW
84		418866.3	420830.7	320	1		False		False		True		(0.0, 0.0, 0.0)		0.06483127		0		NW
85		422890	424275.9	280	1		False		False		False		(0.0, 0.0, 0.0)		0.2853449		0		SW
86		426902.7	427720.9	240	1		False		True		False		(0.0, 0.0, 0.0)		0.5572629		0		SW
87		430926	431917.3	240	1		False		True		False		(0.0, 0.0, 0.0)		0.1556534		0		NW
88		434943.5	436374.5	280	1		True		True		True		(0.0, 0.0, 0.0)		0.2553134		0		SW
89		438964.3	440302.5	280	1		True		True		True		(0.0, 0.0, 0.0)		0.5030628		0		SE
90		442983.8	444494.3	320	1		True		True		True		(0.0, 0.0, 0.0)		0.196073		0		NW
91		446991.5	448526.1	320	1		False		True		False		(0.0, 0.0, 0.0)		0.9752189		0		SW
92		451013.2	452122.1	338	1		False		False		False		(0.0, 0.0, 0.0)		0.5997891		0		SW
93		455040.1	456489.4	320	1		False		False		False		(0.0, 0.0, 0.0)		0.7555231		0		SW
94		459054.4	460038.1	280	1		True		True		True		(0.0, 0.0, 0.0)		0.3563573		0		NE
95		463086.7	465103.3	280	1		True		True		True		(0.0, 0.0, 0.0)		0.3700724		0		NE
96		467179.2	469417.2	320	1		True		True		True		(0.0, 0.0, 0.0)		0.3505848		0		NW
97		471202	473871.3	320	1		False		False		False		(0.0, 0.0, 0.0)		0.06570955		0		SW
98		475442.5	476959.9	280	1		False		False		False		(0.0, 0.0, 0.0)		0.562342		0		SW
99		479463.1	480362.6	240	1		True		True		True		(0.0, 0.0, 0.0)		0.08296762		0		NE
100		488475.6	489459.7	240	1		False		True		False		(0.0, 0.0, 0.0)		0.5845246		0		NW
101		492503.1	494000.8	280	1		False		False		False		(0.0, 0.0, 0.0)		0.1145553		0		SW
102		496650.3	497411.9	240	1		True		True		True		(0.0, 0.0, 0.0)		0.02820774		0		NE
103		500681.7	501870.6	240	1		True		True		True		(0.0, 0.0, 0.0)		0.1781976		0		SE
104		504704.3	506368.2	280	1		True		True		True		(0.0, 0.0, 0.0)		0.4014693		0		SW
105		508720.9	509787.4	280	1		True		True		True		(0.0, 0.0, 0.0)		0.3220375		0		NW
106		512743.1	513998.1	320	1		False		False		False		(0.0, 0.0, 0.0)		0.5702277		0		NW
107		520772.9	521813.8	280	1		False		False		False		(0.0, 0.0, 0.0)		0.2046711		0		SW
108		524793.3	525915.3	240	1		True		True		True		(0.0, 0.0, 0.0)		0.768562		0		SE
109		528825.2	529763.8	240	1		False		True		False		(0.0, 0.0, 0.0)		0.728169		0		SW
110		532847.3	533795.7	280	1		True		True		True		(0.0, 0.0, 0.0)		0.4505919		0		NE
111		537788.3	539416.2	280	1		False		False		True		(0.0, 0.0, 0.0)		0.2704486		0		NW
112		541797.6	542780.8	240	1		True		True		True		(0.0, 0.0, 0.0)		0.464707		0		SE
113		545817.9	546653	240	1		True		True		True		(0.0, 0.0, 0.0)		0.7797322		0		NE
114		549838.3	551304.3	280	1		False		False		False		(0.0, 0.0, 0.0)		0.194057		0		NE
115		554113.9	555153	240	1		True		True		True		(0.0, 0.0, 0.0)		0.7784201		0		NW
116		558123.7	558796.1	240	1		True		True		True		(0.0, 0.0, 0.0)		0.6393147		0		NE
117		562160.8	563205.3	280	1		True		True		True		(0.0, 0.0, 0.0)		0.2225409		0		SE
118		567162.5	568247.3	280	1		True		True		True		(0.0, 0.0, 0.0)		0.3713024		0		NW
119		571201.8	572405.3	320	1		True		True		True		(0.0, 0.0, 0.0)		0.1787137		0		SE
120		575227.9	577383.9	320	1		False		True		False		(0.0, 0.0, 0.0)		0.1952194		0		SE
121		579836.8	581111.8	338	1		True		True		True		(0.0, 0.0, 0.0)		0.311623		0		NE
122		583857.6	587079.7	338	1		False		True		False		(0.0, 0.0, 0.0)		1.626238		0		NW
123		588751.4	590095.5	338	1		False		False		False		(0.0, 0.0, 0.0)		1.102964		0		NW
124		597423.9	598401.3	320	1		True		True		True		(0.0, 0.0, 0.0)		0.1560751		0		NE
125		601780.2	602777.6	320	1		False		False		False		(0.0, 0.0, 0.0)		0.2549329		0		NW
126		605803	606764.1	280	1		True		True		True		(0.0, 0.0, 0.0)		0.0723952		0		NW
127		609824.1	610930.6	280	1		True		True		True		(0.0, 0.0, 0.0)		0.5885546		0		SE
128		613844.4	614984.3	320	1		False		True		False		(0.0, 0.0, 0.0)		0.2345341		0		SW
129		617853.3	619316.4	320	1		False		False		False		(0.0, 0.0, 0.0)		1.044048		0		SE
130		621873.8	622902.6	280	1		True		True		True		(0.0, 0.0, 0.0)		0.4487222		0		NE
131		625894.4	627827.2	280	1		True		True		True		(0.0, 0.0, 0.0)		0.2289536		0		SW
132		629981.9	631033.9	320	1		False		False		False		(0.0, 0.0, 0.0)		0.2432307		0		NW
133		633993.3	634974.4	280	1		False		False		False		(0.0, 0.0, 0.0)		0.1861792		0		SW
134		638012.1	639299.8	240	1		True		True		True		(0.0, 0.0, 0.0)		0.5684765		0		NW
135		642032.9	642815.2	240	1		False		False		True		(0.0, 0.0, 0.0)		0.5634161		0		SE
136		646053	646958.4	200	1		True		True		True		(0.0, 0.0, 0.0)		0.6699438		0		NW
137		650079.4	651216.1	200	1		False		True		False		(0.0, 0.0, 0.0)		0.1878366		0		SW
138		654104.9	654966	240	1		True		True		True		(0.0, 0.0, 0.0)		0.7441437		0		NE
139		658125.8	659923.8	240	1		True		True		True		(0.0, 0.0, 0.0)		0.3061931		0		NE
140		662156.4	663745.3	280	1		True		True		True		(0.0, 0.0, 0.0)		0.6422221		0		NE
141		666188.6	667362.4	280	1		True		True		True		(0.0, 0.0, 0.0)		0.4849891		0		NE
142		670198.7	671853.5	320	1		True		True		True		(0.0, 0.0, 0.0)		0.2368512		0		NE
143		674213.2	675290.6	320	1		False		False		False		(0.0, 0.0, 0.0)		0.2423808		0		NW
144		678231.7	679055.4	280	1		True		True		True		(0.0, 0.0, 0.0)		0.5133597		0		NE
145		682240.1	684397.4	280	1		True		True		True		(0.0, 0.0, 0.0)		0.737193		0		NE
146		690542.3	692239.8	320	1		True		True		True		(0.0, 0.0, 0.0)		0.6368369		0		SW
147		694798.5	695881.9	320	1		True		True		True		(0.0, 0.0, 0.0)		0.3078126		0		NE
148		698817.9	699998.4	338	1		False		True		False		(0.0, 0.0, 0.0)		0.1174186		0		NW
149		703086.1	704029.2	338	1		False		True		False		(0.0, 0.0, 0.0)		0.1319675		0		SW
150		707103.8	709769.5	338	1		False		False		True		(0.0, 0.0, 0.0)		0.3740751		0		SW
151		711681.4	712629.8	320	1		False		False		True		(0.0, 0.0, 0.0)		0.04154366		0		SE
152		715691.2	716550.3	280	1		False		False		False		(0.0, 0.0, 0.0)		1.089479		0		SW
153		719698.8	720481.4	240	1		True		True		True		(0.0, 0.0, 0.0)		0.7613475		0		SE
154		723729.6	725030.7	240	1		True		True		True		(0.0, 0.0, 0.0)		0.4846864		0		SW
155		727750.8	728667.4	280	1		True		True		True		(0.0, 0.0, 0.0)		0.255768		0		SE
156		731771.8	732809.9	280	1		True		True		True		(0.0, 0.0, 0.0)		0.1506831		0		SE
157		735802.9	736988.2	320	1		False		False		False		(0.0, 0.0, 0.0)		0.7446318		0		SE
158		740085.6	741606.7	280	1		False		False		True		(0.0, 0.0, 0.0)		0.1881963		0		SE
159		744105.4	745105	240	1		True		True		True		(0.0, 0.0, 0.0)		0.2678416		0		NE
160		748120.8	749036.4	240	1		True		True		True		(0.0, 0.0, 0.0)		0.4198316		0		NE
161		752394.3	753490.1	280	1		True		True		True		(0.0, 0.0, 0.0)		1.09918		0		NW
162		756414.4	757244.3	280	1		False		False		False		(0.0, 0.0, 0.0)		0.3127394		0		SW
163		760803.3	761486.7	240	1		True		True		True		(0.0, 0.0, 0.0)		0.1766056		0		NE
164		764823.8	765884.6	240	1		True		True		True		(0.0, 0.0, 0.0)		0.6172474		0		SW
165		768844.5	770083.6	280	1		True		True		True		(0.0, 0.0, 0.0)		0.4079546		0		SE
166		772853.7	774476.1	280	1		True		True		True		(0.0, 0.0, 0.0)		0.2839149		0		SE
167		776862.7	778307.4	320	1		False		False		False		(0.0, 0.0, 0.0)		0.3914744		0		NW
168		781044.9	781997.2	280	1		True		True		True		(0.0, 0.0, 0.0)		0.2678758		0		NW
169		785070.7	786521.3	280	1		False		False		False		(0.0, 0.0, 0.0)		0.6568993		0		SE
170		789341.1	790219.1	240	1		True		True		True		(0.0, 0.0, 0.0)		0.1850261		0		SE
171		793363.8	794202.8	240	1		True		True		True		(0.0, 0.0, 0.0)		0.2073203		0		NE
172		797552.4	799665.9	280	1		True		True		True		(0.0, 0.0, 0.0)		0.09797221		0		SE
173		801566.6	802816.1	280	1		True		True		True		(0.0, 0.0, 0.0)		0.2177794		0		NW
174		805584.1	806489.4	320	1		True		True		True		(0.0, 0.0, 0.0)		0.329198		0		NE
175		809603.6	810869.6	320	1		False		False		False		(0.0, 0.0, 0.0)		0.7032052		0		SW
176		813631	814475.3	280	1		False		False		False		(0.0, 0.0, 0.0)		0.1916493		0		NW
177		817646.3	818608.5	240	1		True		True		True		(0.0, 0.0, 0.0)		0.3719235		0		NW
178		821660.8	822327.9	240	1		False		True		False		(0.0, 0.0, 0.0)		0.578341		0		NW
179		825670.1	826825.3	280	1		True		True		True		(0.0, 0.0, 0.0)		0.5408355		0		SE
180		829685	830500.8	280	1		True		True		True		(0.0, 0.0, 0.0)		0.3214008		0		NW
181		833706.1	836511.7	320	1		False		False		False		(0.0, 0.0, 0.0)		0.2075709		0		SW
182		838109.7	839220.4	280	1		True		True		True		(0.0, 0.0, 0.0)		0.2521777		0		NW
183		842131.4	842873.8	280	1		False		True		False		(0.0, 0.0, 0.0)		0.3031375		0		NW
184		846150.1	847765.8	320	1		False		False		True		(0.0, 0.0, 0.0)		0.2566853		0		SE
185		850159.4	850937.8	280	1		True		True		True		(0.0, 0.0, 0.0)		0.5979896		0		NE
186		854180.1	855068.4	280	1		False		False		False		(0.0, 0.0, 0.0)		0.5680743		0		NW
187		858201.1	859133.3	240	1		False		False		False		(0.0, 0.0, 0.0)		0.3127541		0		SW
188		862532.7	863321.8	200	1		True		True		True		(0.0, 0.0, 0.0)		0.3296215		0		SE
189		866552.3	867441.6	200	1		True		True		True		(0.0, 0.0, 0.0)		0.3198333		0		NW
190		870573.1	871661.5	240	1		True		True		True		(0.0, 0.0, 0.0)		0.1915635		0		NW
191		874594	875493.1	240	1		True		True		True		(0.0, 0.0, 0.0)		0.2942555		0		NW
192		878605	879257.9	280	1		True		True		True		(0.0, 0.0, 0.0)		0.347838		0		NE
193		882628.6	884086.7	280	1		True		True		True		(0.0, 0.0, 0.0)		0.5541021		0		SE
194		886648.4	887710.2	320	1		True		True		True		(0.0, 0.0, 0.0)		0.4956893		0		NE
195		890670	891941.8	320	1		False		True		False		(0.0, 0.0, 0.0)		0.475755		0		NW
196		898710.3	899772.1	338	1		False		False		True		(0.0, 0.0, 0.0)		1.317878		0		SE
197		902731.1	903426.1	320	1		True		True		True		(0.0, 0.0, 0.0)		0.3235765		0		NE
198		906763.4	908524.9	320	1		False		False		False		(0.0, 0.0, 0.0)		0.3929408		0		NW
199		910783.3	912501.6	280	1		True		True		True		(0.0, 0.0, 0.0)		0.2487722		0		SW
200		914803.6	915587.4	280	1		False		False		False		(0.0, 0.0, 0.0)		0.5296789		0		SW
201		918824.3	919818.3	240	1		False		True		False		(0.0, 0.0, 0.0)		0.2561472		0		NW
202		922844.5	924152.9	240	1		True		True		True		(0.0, 0.0, 0.0)		0.8729486		0		NW
203		926867.1	927659.5	280	1		True		True		True		(0.0, 0.0, 0.0)		0.5903692		0		SE
204		930896.9	931992.3	280	1		False		False		False		(0.0, 0.0, 0.0)		0.6230425		0		SW
205		934906.7	936000.7	240	1		True		True		True		(0.0, 0.0, 0.0)		0.28411		0		NW
206		938921.4	939576.8	240	1		True		True		True		(0.0, 0.0, 0.0)		0.3885003		0		NE
207		942946.8	944030.3	280	1		False		False		False		(0.0, 0.0, 0.0)		0.2894194		0		NW
208		946979.2	948450.8	240	1		False		True		False		(0.0, 0.0, 0.0)		0.4444391		0		NW
209		951009.8	951960.4	240	1		True		True		True		(0.0, 0.0, 0.0)		0.6538123		0		NE
210		955129.4	956254.1	280	1		True		True		True		(0.0, 0.0, 0.0)		0.4177236		0		SE
211		959151	960096.6	280	1		True		True		True		(0.0, 0.0, 0.0)		0.2612541		0		NW
212		963171.8	964160.3	320	1		True		True		True		(0.0, 0.0, 0.0)		0.09289853		0		NE
213		967192.3	969136.6	320	1		True		True		True		(0.0, 0.0, 0.0)		0.531719		0		NE
214		971212.3	972609.4	338	1		False		False		True		(0.0, 0.0, 0.0)		0.6151393		0		NW
215		975233.5	976040.4	320	1		True		True		True		(0.0, 0.0, 0.0)		0.4787323		0		SE
216		979242.6	980382.2	320	1		True		True		True		(0.0, 0.0, 0.0)		0.4346182		0		NE
217		983263.4	985584.8	338	1		False		True		False		(0.0, 0.0, 0.0)		0.5165501		0		NW
218		987583.3	989160.4	338	1		False		False		True		(0.0, 0.0, 0.0)		0.3301128		0		NW
219		991593.3	992464.9	320	1		True		True		True		(0.0, 0.0, 0.0)		0.5340941		0		NE
220		999953.2	1000120	320	1		False		True		False		(0.0, 0.0, 0.0)		0.04098799		0		NE
221		1003977	1005320	338	1		False		False		False		(0.0, 0.0, 0.0)		0.05419733		0		NW
222		1007997	1008970	320	1		True		True		True		(0.0, 0.0, 0.0)		0.4358291		0		NE
223		1012018	1013705	320	1		True		True		True		(0.0, 0.0, 0.0)		0.612507		0		SE
224		1016027	1017493	338	1		True		True		True		(0.0, 0.0, 0.0)		0.1715541		0		NE
225		1020058	1021109	338	1		True		True		True		(0.0, 0.0, 0.0)		0.1892897		0		SE
226		1024068	1024918	338	1		False		False		False		(0.0, 0.0, 0.0)		0.1373624		0		SW
227		1028099	1029105	320	1		False		False		False		(0.0, 0.0, 0.0)		0.5541476		0		SW
228		1032354	1033348	280	1		True		True		True		(0.0, 0.0, 0.0)		0.6582198		0		NW
229		1036374	1037596	280	1		False		False		False		(0.0, 0.0, 0.0)		0.1327327		0		SW
230		1040405	1041211	240	1		False		True		False		(0.0, 0.0, 0.0)		0.3348884		0		SW
231		1044437	1046919	240	1		False		False		False		(0.0, 0.0, 0.0)		0.6088648		0		SE
232		1048624	1049463	200	1		True		True		True		(0.0, 0.0, 0.0)		0.3601008		0		NE
233		1052644	1053397	200	1		True		True		True		(0.0, 0.0, 0.0)		0.4391103		0		NE
234		1056665	1058737	240	1		False		False		True		(0.0, 0.0, 0.0)		0.5375056		0		NE
235		1060675	1061478	200	1		True		True		True		(0.0, 0.0, 0.0)		0.5891723		0		NE
236		1064701	1065747	200	1		False		True		False		(0.0, 0.0, 0.0)		0.9309289		0		SW
237		1068727	1069433	240	1		True		True		True		(0.0, 0.0, 0.0)		0.4520112		0		SE
238		1072742	1074568	240	1		True		True		True		(0.0, 0.0, 0.0)		0.729947		0		SW
239		1076767	1078033	280	1		True		True		True		(0.0, 0.0, 0.0)		0.7757522		0		NW
240		1080788	1082143	280	1		True		True		True		(0.0, 0.0, 0.0)		0.07977391		0		NE
241		1084817	1086207	320	1		True		True		True		(0.0, 0.0, 0.0)		0.1932855		0		NW
242		1088840	1089676	320	1		True		True		True		(0.0, 0.0, 0.0)		0.4262779		0		SE
243		1092846	1094449	338	1		True		True		True		(0.0, 0.0, 0.0)		0.4331834		0		NW
244		1096870	1098078	338	1		False		False		False		(0.0, 0.0, 0.0)		0.11109		0		SE
245		1100891	1102134	320	1		False		False		False		(0.0, 0.0, 0.0)		0.1128512		0		SE
246		1104902	1105805	280	1		True		True		True		(0.0, 0.0, 0.0)		0.3703047		0		NE
247		1108931	1111481	280	1		False		False		False		(0.0, 0.0, 0.0)		0.4128925		0		SW
248		1113757	1114524	240	1		False		True		False		(0.0, 0.0, 0.0)		0.517197		0		NW
249		1117778	1118613	240	1		True		True		True		(0.0, 0.0, 0.0)		1.087536		0		NE
250		1121798	1122945	280	1		False		False		False		(0.0, 0.0, 0.0)		0.08826605		0		NW
251		1125819	1127246	240	1		True		True		True		(0.0, 0.0, 0.0)		0.1011354		0		NW
252		1129840	1130654	240	1		True		True		True		(0.0, 0.0, 0.0)		0.2983454		0		NE
253		1133860	1135535	280	1		True		True		True		(0.0, 0.0, 0.0)		0.2871446		0		SW
254		1137885	1138791	280	1		True		True		True		(0.0, 0.0, 0.0)		0.2700144		0		NW
255		1141895	1143893	320	1		False		False		True		(0.0, 0.0, 0.0)		0.5089749		0		NW
256		1146233	1147267	280	1		False		False		False		(0.0, 0.0, 0.0)		0.14678		0		NW
257		1150253	1151119	240	1		False		True		False		(0.0, 0.0, 0.0)		0.3929136		0		NW
258		1154274	1155229	240	1		True		True		True		(0.0, 0.0, 0.0)		0.07065332		0		NW
259		1158294	1159316	280	1		True		True		True		(0.0, 0.0, 0.0)		0.4084228		0		SE
260		1162781	1163861	280	1		True		True		True		(0.0, 0.0, 0.0)		0.3714835		0		NW
261		1166803	1167834	320	1		False		False		False		(0.0, 0.0, 0.0)		0.3780223		0		SW
262		1170835	1171910	280	1		True		True		True		(0.0, 0.0, 0.0)		0.6605531		0		NE
263		1174857	1176019	280	1		True		True		True		(0.0, 0.0, 0.0)		0.680766		0		SE
264		1178874	1180053	320	1		False		False		False		(0.0, 0.0, 0.0)		0.4440915		0		SW
265		1182894	1183778	280	1		True		True		True		(0.0, 0.0, 0.0)		0.292378		0		NE
266		1186917	1188310	280	1		True		True		True		(0.0, 0.0, 0.0)		0.8996773		0		NE
267		1190936	1193068	320	1		False		False		False		(0.0, 0.0, 0.0)		0.9773612		0		NE
268		1194956	1196035	280	1		False		False		False		(0.0, 0.0, 0.0)		0.4383716		0		NW
269		1199088	1200749	240	1		True		True		True		(0.0, 0.0, 0.0)		0.4043423		0		SE
270		1203296	1203978	240	1		True		True		True		(0.0, 0.0, 0.0)		0.4135029		0		NE
271		1207319	1208478	280	1		False		False		False		(0.0, 0.0, 0.0)		0.3437855		0		SE
272		1211338	1212609	240	1		False		False		False		(0.0, 0.0, 0.0)		0.0914975		0		SE
273		1215359	1216413	200	1		True		True		True		(0.0, 0.0, 0.0)		0.5744238		0		SE
274		1219379	1220094	200	1		True		True		True		(0.0, 0.0, 0.0)		0.5298808		0		NE
275		1223410	1225200	240	1		True		True		True		(0.0, 0.0, 0.0)		0.6703818		0		NE
276		1227431	1228375	240	1		True		True		True		(0.0, 0.0, 0.0)		0.5233474		0		NW
277		1231451	1233013	280	1		False		False		False		(0.0, 0.0, 0.0)		0.2298931		0		NW
278		1235473	1236460	240	1		False		False		False		(0.0, 0.0, 0.0)		0.6100312		0		SW
279		1239493	1240404	200	1		True		True		True		(0.0, 0.0, 0.0)		0.7787132		0		NW
280		1243657	1244557	200	1		True		True		True		(0.0, 0.0, 0.0)		0.6683076		0		SW
281		1247681	1248835	240	1		True		True		True		(0.0, 0.0, 0.0)		0.1286417		0		NE
282		1251699	1253124	240	1		True		True		True		(0.0, 0.0, 0.0)		0.3820927		0		SE
283		1255717	1257467	280	1		True		True		True		(0.0, 0.0, 0.0)		0.8688686		0		SE
284		1259739	1260784	280	1		True		True		True		(0.0, 0.0, 0.0)		0.6993213		0		NE
285		1263760	1265619	320	1		False		True		False		(0.0, 0.0, 0.0)		0.7120255		0		NE
286		1267991	1268868	320	1		True		True		True		(0.0, 0.0, 0.0)		0.3363129		0		NW
287		1272000	1272900	338	1		True		True		True		(0.0, 0.0, 0.0)		0.7790978		0		NE
288		1276022	1277925	338	1		True		True		True		(0.0, 0.0, 0.0)		0.795804		0		NE
289		1280035	1282552	338	1		True		True		True		(0.0, 0.0, 0.0)		0.353003		0		NE
290		1284396	1286740	338	1		True		True		True		(0.0, 0.0, 0.0)		0.7750927		0		NE
291		1288732	1289997	338	1		False		False		False		(0.0, 0.0, 0.0)		0.2350924		0		NW
292		1292748	1294207	320	1		True		True		True		(0.0, 0.0, 0.0)		0.3385148		0		NW
293		1296768	1298037	320	1		True		True		True		(0.0, 0.0, 0.0)		0.4271708		0		NW
294		1300777	1303193	338	1		False		False		True		(0.0, 0.0, 0.0)		0.5262768		0		NW
295		1304820	1306122	320	1		True		True		True		(0.0, 0.0, 0.0)		0.1748899		0		NW
296		1308840	1311433	320	1		False		False		True		(0.0, 0.0, 0.0)		0.2867517		0		SE
297		1313151	1314005	280	1		True		True		True		(0.0, 0.0, 0.0)		0.4463431		0		NE
298		1317170	1318036	280	1		True		True		True		(0.0, 0.0, 0.0)		0.3662493		0		NW
299		1321201	1323379	320	1		True		True		True		(0.0, 0.0, 0.0)		0.3689399		0		SW
300		1325616	1328359	320	1		False		True		False		(0.0, 0.0, 0.0)		0.09544306		0		NW
301		1331003	1332380	338	1		False		False		False		(0.0, 0.0, 0.0)		0.6653969		0		SW
