TrialNumber	StartTime	EndTime	CoherenceAngle	StaircaseNumber	CombinedResponse	CorrectVertical	CorrectHorizontal	GazeErrorHeadErrorStimulusDirection
0		25469.9	26752.97	0	1		True		True		True		(0.0, 0.0, 0.0)		1.250118		0		SW
1		29530.69	30674.12	0	1		True		True		True		(0.0, 0.0, 0.0)		1.060363		0		SE
2		33548.09	34635.96	40	2		True		True		True		(0.0, 0.0, 0.0)		0.8097691		0		SW
3		37566.07	38713.2	40	2		True		True		True		(0.0, 0.0, 0.0)		1.050547		0		SW
4		41580.02	42469.59	40	2		True		True		True		(0.0, 0.0, 0.0)		1.01996		0		NE
5		45601.05	46422.26	40	2		True		True		True		(0.0, 0.0, 0.0)		0.8031843		0		SE
6		49621.36	50431.92	80	2		True		True		True		(0.0, 0.0, 0.0)		0.9412867		0		SE
7		53645.09	54507.73	80	1		True		True		True		(0.0, 0.0, 0.0)		0.6193346		0		NE
8		57663.32	58565.06	80	2		True		True		True		(0.0, 0.0, 0.0)		0.5500629		0		NW
9		61683.28	62517.34	120	2		True		True		True		(0.0, 0.0, 0.0)		0.7418512		0		SE
10		65707.05	66414.55	120	1		True		True		True		(0.0, 0.0, 0.0)		0.7484006		0		NE
11		69729.34	70656.3	80	2		True		True		True		(0.0, 0.0, 0.0)		0.8581516		0		SW
12		73738.56	75257.23	160	2		False		False		True		(0.0, 0.0, 0.0)		0.8767717		0		NE
13		77759.38	78728.07	160	2		True		True		True		(0.0, 0.0, 0.0)		0.8177522		0		NE
14		81779.02	82973.29	200	1		False		True		False		(0.0, 0.0, 0.0)		0.8951033		0		NW
15		85805.23	87247.12	200	1		False		False		False		(0.0, 0.0, 0.0)		0.8181553		0		NW
16		89820.51	90915.18	40	2		True		True		True		(0.0, 0.0, 0.0)		0.6766438		0		NW
17		93841.17	94846.04	40	2		True		True		True		(0.0, 0.0, 0.0)		1.005398		0		SW
18		98366.6	99501.47	240	1		False		False		True		(0.0, 0.0, 0.0)		0.9190769		0		NE
19		102387.2	103420.9	0	2		True		True		True		(0.0, 0.0, 0.0)		0.9094282		0		SW
20		106397.9	107284.8	0	2		True		True		True		(0.0, 0.0, 0.0)		0.8117272		0		SE
21		110418.1	112046.1	280	2		False		False		False		(0.0, 0.0, 0.0)		0.6398542		0		SW
22		114727	116253.6	240	1		True		True		True		(0.0, 0.0, 0.0)		0.9224945		0		SE
23		119226.9	120591	240	2		False		False		True		(0.0, 0.0, 0.0)		0.8284793		0		NE
24		123246.2	124489.4	240	1		True		True		True		(0.0, 0.0, 0.0)		0.6084951		0		SE
25		127259.1	128346.6	40	2		True		True		True		(0.0, 0.0, 0.0)		0.6232105		0		NW
26		131267.7	132374.9	280	2		True		True		True		(0.0, 0.0, 0.0)		0.7034665		0		SE
27		135295.3	136400.3	280	2		False		True		False		(0.0, 0.0, 0.0)		0.5902656		0		NW
28		139312.6	140437.8	240	1		False		False		True		(0.0, 0.0, 0.0)		0.9747661		0		NE
29		143341.8	144347.3	0	1		True		True		True		(0.0, 0.0, 0.0)		0.9399641		0		NE
30		147373.8	148481.2	0	2		True		True		True		(0.0, 0.0, 0.0)		0.8623868		0		NW
31		151405.1	152466.4	0	2		True		True		True		(0.0, 0.0, 0.0)		0.6398739		0		SW
32		155427.4	156428.2	280	2		False		False		True		(0.0, 0.0, 0.0)		0.5982853		0		NE
33		159440.2	160857.8	280	2		False		False		False		(0.0, 0.0, 0.0)		0.6544864		0		NW
34		163460.8	164984.8	240	1		False		True		False		(0.0, 0.0, 0.0)		0.7192741		0		NW
35		167481.5	168369.7	40	2		True		True		True		(0.0, 0.0, 0.0)		0.5353655		0		SE
36		171502.3	172793.7	40	2		True		True		True		(0.0, 0.0, 0.0)		0.8656021		0		NW
37		175512.1	177055.4	280	1		True		True		True		(0.0, 0.0, 0.0)		1.232947		0		NE
38		179526.2	180909.7	280	2		False		False		True		(0.0, 0.0, 0.0)		0.5515498		0		NW
39		183543.7	184655.8	280	1		False		False		True		(0.0, 0.0, 0.0)		0.9494839		0		NE
40		187561.8	188429.9	0	2		True		True		True		(0.0, 0.0, 0.0)		0.6447995		0		SE
41		191577	193272	320	2		True		True		True		(0.0, 0.0, 0.0)		0.4879711		0		NE
42		195593	196702.6	320	2		True		True		True		(0.0, 0.0, 0.0)		1.008157		0		NE
43		199622.8	200689.7	338	2		False		True		False		(0.0, 0.0, 0.0)		0.7207692		0		NW
44		203638.8	204857	320	2		False		False		True		(0.0, 0.0, 0.0)		0.7305458		0		NW
45		207647	209541.3	320	2		False		False		False		(0.0, 0.0, 0.0)		0.8223583		0		NW
46		212197.4	214417.3	280	1		False		True		False		(0.0, 0.0, 0.0)		0.8677068		0		NW
47		216682.6	218108.5	280	1		False		True		False		(0.0, 0.0, 0.0)		1.551118		0		SW
48		220703.4	221527.3	40	1		True		True		True		(0.0, 0.0, 0.0)		0.9375966		0		NE
49		224734.6	225734.8	40	2		True		True		True		(0.0, 0.0, 0.0)		0.9091281		0		SE
50		228748.4	229914.1	40	2		True		True		True		(0.0, 0.0, 0.0)		0.8841884		0		SW
51		233026.4	234287.1	320	1		False		False		False		(0.0, 0.0, 0.0)		0.9468645		0		NW
52		237051.9	237919.2	0	2		True		True		True		(0.0, 0.0, 0.0)		0.9762362		0		SE
53		241061.6	242038.9	0	1		True		True		True		(0.0, 0.0, 0.0)		0.6289527		0		SW
54		245070.8	245937.1	0	2		True		True		True		(0.0, 0.0, 0.0)		0.6631924		0		NE
55		249080.4	250121.7	338	2		False		True		False		(0.0, 0.0, 0.0)		0.9963145		0		NE
56		253093	254677.7	320	1		True		True		True		(0.0, 0.0, 0.0)		0.9836668		0		SE
57		257117.4	258344.5	40	2		True		True		True		(0.0, 0.0, 0.0)		0.8609686		0		NW
58		261140.1	262142.4	40	2		True		True		True		(0.0, 0.0, 0.0)		0.3547105		0		NE
59		265155.7	267061.5	338	1		False		False		False		(0.0, 0.0, 0.0)		0.8477707		0		SE
60		269174	270348.6	0	1		True		True		True		(0.0, 0.0, 0.0)		0.4615325		0		SE
61		273186.3	274258.1	0	2		True		True		True		(0.0, 0.0, 0.0)		0.6768522		0		SW
62		277205.3	278201.2	0	2		True		True		True		(0.0, 0.0, 0.0)		0.7161352		0		NE
63		281226.4	283565	338	1		True		True		True		(0.0, 0.0, 0.0)		0.9747595		0		NW
64		285247.7	286319.9	40	1		True		True		True		(0.0, 0.0, 0.0)		0.9990769		0		SE
65		289271.2	290197.5	40	1		True		True		True		(0.0, 0.0, 0.0)		0.831944		0		NE
66		293295.4	294318.7	80	2		True		True		True		(0.0, 0.0, 0.0)		1.0126		0		SE
67		297308.5	298358.5	80	1		True		True		True		(0.0, 0.0, 0.0)		1.202883		0		SE
68		301329.9	302334.8	80	1		True		True		True		(0.0, 0.0, 0.0)		0.5781672		0		SE
69		305349.5	306481.9	120	2		False		False		True		(0.0, 0.0, 0.0)		0.6596778		0		NW
70		309360.3	310831.1	338	2		True		True		True		(0.0, 0.0, 0.0)		0.9375767		0		SW
71		313372.4	315065.9	338	1		True		True		True		(0.0, 0.0, 0.0)		0.7531325		0		NE
72		317394.4	318595.6	338	1		True		True		True		(0.0, 0.0, 0.0)		0.8072053		0		NE
73		321404.4	322967.5	160	2		True		True		True		(0.0, 0.0, 0.0)		0.9250891		0		NW
74		325424.3	326807	338	1		False		True		False		(0.0, 0.0, 0.0)		0.7051063		0		NW
75		329447	330681.6	338	1		False		False		False		(0.0, 0.0, 0.0)		0.6649671		0		SW
76		333466.8	334756	120	2		True		True		True		(0.0, 0.0, 0.0)		0.590654		0		NW
77		337486.7	338453.6	120	2		True		True		True		(0.0, 0.0, 0.0)		0.6893342		0		SW
78		341511.8	343628.2	338	2		False		False		True		(0.0, 0.0, 0.0)		0.682541		0		SW
79		346265.3	347652.3	338	1		False		False		False		(0.0, 0.0, 0.0)		0.5491869		0		NW
80		350283.8	351236	80	1		True		True		True		(0.0, 0.0, 0.0)		0.7437799		0		SE
81		354305.1	355608.4	80	1		True		True		True		(0.0, 0.0, 0.0)		0.9156426		0		SW
82		358317.3	359346.6	120	2		True		True		True		(0.0, 0.0, 0.0)		0.997672		0		NE
83		362342	363374.7	338	2		True		True		True		(0.0, 0.0, 0.0)		0.6215896		0		NW
84		366368.1	367644.5	338	2		True		True		True		(0.0, 0.0, 0.0)		0.846638		0		SE
85		370385.2	372304.9	338	2		False		False		False		(0.0, 0.0, 0.0)		0.4210324		0		NE
86		374503.3	375925.2	320	2		False		False		True		(0.0, 0.0, 0.0)		0.7449279		0		NE
87		378519.3	379691.6	320	2		True		True		True		(0.0, 0.0, 0.0)		0.5236431		0		SE
88		382544.8	383921.5	338	1		False		False		False		(0.0, 0.0, 0.0)		0.6228346		0		SE
89		386554.6	387488.5	80	2		True		True		True		(0.0, 0.0, 0.0)		0.8036614		0		SW
90		390575.2	392166.6	80	1		True		True		True		(0.0, 0.0, 0.0)		0.9986206		0		SE
91		394604.6	395574.2	80	1		True		True		True		(0.0, 0.0, 0.0)		0.7007701		0		SW
92		398615.6	399637.6	120	2		True		True		True		(0.0, 0.0, 0.0)		0.7187984		0		SW
93		402635.8	403696.6	338	2		False		False		True		(0.0, 0.0, 0.0)		0.6231952		0		NE
94		406657.2	408577.9	338	2		False		False		True		(0.0, 0.0, 0.0)		0.4924902		0		SW
95		410677.5	412078.3	338	1		False		False		False		(0.0, 0.0, 0.0)		0.5252986		0		SW
96		414688.5	415735.9	80	2		True		True		True		(0.0, 0.0, 0.0)		0.5945716		0		SW
97		418706.8	419653.3	80	1		True		True		True		(0.0, 0.0, 0.0)		0.7857593		0		NE
98		422716.7	423795.3	80	1		True		True		True		(0.0, 0.0, 0.0)		0.6039063		0		NE
99		426729.8	428014.3	120	2		True		True		True		(0.0, 0.0, 0.0)		0.7209956		0		NW
100		430751.4	431927.3	338	1		False		False		False		(0.0, 0.0, 0.0)		0.8744411		0		NW
101		434772.3	435688.2	80	1		True		True		True		(0.0, 0.0, 0.0)		1.425442		0		SE
102		438792.1	439842.3	80	1		True		True		True		(0.0, 0.0, 0.0)		1.018322		0		SW
103		442812.8	443784.9	120	1		True		True		True		(0.0, 0.0, 0.0)		0.7748324		0		SW
104		446833.6	447772.4	120	2		True		True		True		(0.0, 0.0, 0.0)		0.3831156		0		SE
105		450848.7	451861	120	2		True		True		True		(0.0, 0.0, 0.0)		0.6271563		0		NW
106		454874.8	456177.6	338	1		False		False		False		(0.0, 0.0, 0.0)		0.5392915		0		NW
107		458900.6	460079.1	80	2		True		True		True		(0.0, 0.0, 0.0)		0.9672191		0		SE
108		462914.8	463892.5	80	2		True		True		True		(0.0, 0.0, 0.0)		0.4124499		0		SW
109		466936.5	468667.4	338	1		False		True		False		(0.0, 0.0, 0.0)		0.5608395		0		NE
110		471197.3	472611.6	338	2		True		True		True		(0.0, 0.0, 0.0)		0.6320027		0		SE
111		475710.6	476918.8	338	2		False		False		False		(0.0, 0.0, 0.0)		0.6973643		0		SE
112		479730.6	481224.4	320	1		True		True		True		(0.0, 0.0, 0.0)		0.4400101		0		SE
113		483753	484946.5	120	2		True		True		True		(0.0, 0.0, 0.0)		0.6155089		0		SW
114		487782.5	488887.5	120	2		True		True		True		(0.0, 0.0, 0.0)		0.7247955		0		SW
115		491808.5	493082.1	338	2		False		True		False		(0.0, 0.0, 0.0)		0.6886553		0		SW
116		495818.2	497279.1	320	1		False		False		True		(0.0, 0.0, 0.0)		0.8153803		0		SW
117		499838.8	501108	80	1		True		True		True		(0.0, 0.0, 0.0)		0.615594		0		SE
118		503858.8	505048.3	80	2		True		True		True		(0.0, 0.0, 0.0)		0.5059557		0		SW
119		507879.7	508935.1	80	2		True		True		True		(0.0, 0.0, 0.0)		0.5121791		0		NE
120		511900.3	513070.2	338	2		False		False		True		(0.0, 0.0, 0.0)		0.2297933		0		NE
121		515920.5	517182.1	338	2		False		False		False		(0.0, 0.0, 0.0)		0.8136575		0		NW
122		519941.3	521707	320	2		False		False		False		(0.0, 0.0, 0.0)		0.3959299		0		NW
123		523965.2	525056.8	280	2		False		True		False		(0.0, 0.0, 0.0)		0.7785143		0		SW
124		527985.7	529615	240	1		True		True		True		(0.0, 0.0, 0.0)		0.3002251		0		NW
125		532006.8	533080.2	120	1		True		True		True		(0.0, 0.0, 0.0)		0.87336		0		SE
126		536036.5	537558.8	120	1		True		True		True		(0.0, 0.0, 0.0)		0.7969242		0		NW
127		540059.6	541350.8	160	1		False		False		True		(0.0, 0.0, 0.0)		0.4196495		0		NE
128		544088.6	545220.1	120	1		True		True		True		(0.0, 0.0, 0.0)		0.3895455		0		NW
129		548105.2	549274.5	120	2		True		True		True		(0.0, 0.0, 0.0)		0.3574784		0		SW
130		552110.9	553193.5	120	2		True		True		True		(0.0, 0.0, 0.0)		0.768184		0		SW
131		556130.8	557474.8	280	2		True		True		True		(0.0, 0.0, 0.0)		1.417718		0		NW
132		560141.2	561358.7	280	2		True		True		True		(0.0, 0.0, 0.0)		1.301823		0		SE
133		564161	565521.2	320	1		False		False		True		(0.0, 0.0, 0.0)		0.5017035		0		NE
134		568169.1	569319.6	80	1		True		True		True		(0.0, 0.0, 0.0)		0.2427416		0		NW
135		572181.8	573352.1	80	1		True		True		True		(0.0, 0.0, 0.0)		0.5564984		0		SE
136		576202.6	577471.8	120	2		True		True		True		(0.0, 0.0, 0.0)		0.3920109		0		NW
137		580211.6	581299.1	120	1		True		True		True		(0.0, 0.0, 0.0)		0.6074743		0		SW
138		584229.6	585274.3	120	2		True		True		True		(0.0, 0.0, 0.0)		0.3737971		0		NW
139		588256.4	589633.4	338	1		False		False		True		(0.0, 0.0, 0.0)		1.369453		0		NE
140		592270.8	593404.8	80	2		True		True		True		(0.0, 0.0, 0.0)		0.4009939		0		SE
141		596291.6	597418.8	80	1		True		True		True		(0.0, 0.0, 0.0)		0.4361473		0		SE
142		600311.9	601309.2	80	1		True		True		True		(0.0, 0.0, 0.0)		0.7118097		0		NE
143		604339.7	605307.4	120	1		True		True		True		(0.0, 0.0, 0.0)		0.7306393		0		NE
144		608358.3	609331.6	120	2		True		True		True		(0.0, 0.0, 0.0)		0.5302731		0		NE
145		612373.7	613634.1	338	2		False		True		False		(0.0, 0.0, 0.0)		0.802649		0		SW
146		616392.9	618159.5	320	1		False		False		False		(0.0, 0.0, 0.0)		0.6475484		0		NW
147		620401.8	621452.9	80	2		True		True		True		(0.0, 0.0, 0.0)		0.7479669		0		NE
148		624434.5	625459	80	2		True		True		True		(0.0, 0.0, 0.0)		0.5193635		0		NE
149		628457	630489.8	338	1		True		True		True		(0.0, 0.0, 0.0)		0.5967177		0		SE
150		632473.3	633606.9	338	1		False		True		False		(0.0, 0.0, 0.0)		0.3482256		0		SW
151		636496.9	637539.6	120	1		True		True		True		(0.0, 0.0, 0.0)		0.6080459		0		SE
152		640518.9	641521.6	120	1		True		True		True		(0.0, 0.0, 0.0)		0.4721086		0		NE
153		644543	645776.3	160	2		True		True		True		(0.0, 0.0, 0.0)		0.8540229		0		NW
154		648567.7	649729.6	160	2		True		True		True		(0.0, 0.0, 0.0)		0.6697362		0		SW
155		652589.4	653921.8	338	2		False		False		True		(0.0, 0.0, 0.0)		0.9434569		0		SW
156		656610.1	657882.3	338	2		False		False		True		(0.0, 0.0, 0.0)		0.7013201		0		SW
157		660629.8	662136.4	338	2		True		True		True		(0.0, 0.0, 0.0)		0.6431872		0		SW
158		664649.3	666638.9	338	2		True		True		True		(0.0, 0.0, 0.0)		0.8641297		0		SE
159		669395.4	671036.4	338	1		False		True		False		(0.0, 0.0, 0.0)		0.6561316		0		SW
160		673415.3	674689.3	338	2		True		True		True		(0.0, 0.0, 0.0)		0.7039243		0		NW
161		677434.3	678889.1	338	2		False		False		False		(0.0, 0.0, 0.0)		0.5466878		0		NW
162		681460.3	683054.4	320	2		False		False		True		(0.0, 0.0, 0.0)		0.7671425		0		NE
163		685473.9	686881	320	1		False		False		False		(0.0, 0.0, 0.0)		0.5057176		0		NW
164		689494.9	690434.7	120	1		True		True		True		(0.0, 0.0, 0.0)		0.5271657		0		SW
165		693515.5	694723.4	120	2		True		True		True		(0.0, 0.0, 0.0)		0.7134941		0		SE
166		697537.9	698778.6	338	1		False		False		True		(0.0, 0.0, 0.0)		1.044022		0		SW
167		701546.2	702562.1	80	1		True		True		True		(0.0, 0.0, 0.0)		0.3349477		0		SW
168		705555.8	706486.3	80	2		True		True		True		(0.0, 0.0, 0.0)		0.6079981		0		SE
169		709583.8	710662.4	80	2		True		True		True		(0.0, 0.0, 0.0)		0.7319589		0		SE
170		713607.4	714848.5	338	2		False		False		True		(0.0, 0.0, 0.0)		0.6864949		0		SW
171		717627.8	718857.8	338	1		False		False		False		(0.0, 0.0, 0.0)		0.5271106		0		SW
172		721639.8	722821.1	40	2		True		True		True		(0.0, 0.0, 0.0)		0.7075287		0		NW
173		725655.6	726811.8	338	1		False		True		False		(0.0, 0.0, 0.0)		0.8760443		0		NE
174		733687.8	734827.7	338	2		False		True		False		(0.0, 0.0, 0.0)		0.9148909		0		NE
175		737703.8	739235.7	320	1		False		False		True		(0.0, 0.0, 0.0)		0.5190387		0		SE
176		741728.6	742690.9	0	2		True		True		True		(0.0, 0.0, 0.0)		0.5683259		0		NE
177		745754.7	746780	0	1		True		True		True		(0.0, 0.0, 0.0)		0.6028668		0		SE
178		749775.3	750979.3	0	2		True		True		True		(0.0, 0.0, 0.0)		0.2176952		0		SE
179		753796.3	756117.2	338	1		False		False		False		(0.0, 0.0, 0.0)		0.4283251		0		SE
180		757818.5	759119.6	338	1		True		True		True		(0.0, 0.0, 0.0)		0.5380358		0		SE
181		761847.6	763026.3	338	1		True		True		True		(0.0, 0.0, 0.0)		0.6051251		0		SE
182		765870.3	766924.6	40	1		True		True		True		(0.0, 0.0, 0.0)		0.8594203		0		NW
183		769889	770868.3	40	1		True		True		True		(0.0, 0.0, 0.0)		0.358452		0		NW
184		773915.3	774976.8	80	1		True		True		True		(0.0, 0.0, 0.0)		0.3539156		0		NE
185		777924.5	778896	80	2		True		True		True		(0.0, 0.0, 0.0)		0.5100976		0		SW
186		781950.6	782938.9	80	1		True		True		True		(0.0, 0.0, 0.0)		0.3302585		0		NW
187		785977	786848.9	120	2		True		True		True		(0.0, 0.0, 0.0)		0.5291042		0		NW
188		789997.4	791203.5	338	2		False		False		True		(0.0, 0.0, 0.0)		0.5832654		0		SE
189		794007.1	795101.1	338	2		False		False		True		(0.0, 0.0, 0.0)		0.48916		0		NE
190		798026.8	799188.6	338	2		True		True		True		(0.0, 0.0, 0.0)		0.5573322		0		NE
191		802047.3	803419.4	338	2		False		False		True		(0.0, 0.0, 0.0)		0.8671253		0		NE
192		806069.2	807308.9	338	2		False		False		True		(0.0, 0.0, 0.0)		0.7905456		0		SE
193		810088.5	811586.9	338	1		True		True		True		(0.0, 0.0, 0.0)		0.2416085		0		NW
194		814097.9	815447.9	338	1		False		False		True		(0.0, 0.0, 0.0)		0.5172753		0		NE
195		818119.6	819168.6	80	2		True		True		True		(0.0, 0.0, 0.0)		0.7564898		0		NE
196		822125.6	823634.2	338	2		False		True		False		(0.0, 0.0, 0.0)		1.074017		0		SE
197		826133.4	827864.1	320	1		False		True		False		(0.0, 0.0, 0.0)		0.3906046		0		NE
198		830143.8	831263.6	320	2		False		True		False		(0.0, 0.0, 0.0)		0.5767211		0		SW
199		834164.9	836072.3	280	1		False		False		False		(0.0, 0.0, 0.0)		0.6247876		0		NW
200		838172.4	839048.9	40	1		True		True		True		(0.0, 0.0, 0.0)		0.4230544		0		SW
