TrialNumber	StartTime	EndTime	CoherenceAngle	StaircaseNumber	CombinedResponse	CorrectVertical	CorrectHorizontal	GazeErrorHeadErrorStimulusDirection
0		50106.36	51319.73	0	2		True		True		True		(0.0, 0.0, 0.0)		1.023018		0		NE
1		54115.9	55108.48	0	1		True		True		True		(0.0, 0.0, 0.0)		1.33257		0		SW
2		58131.21	59030.27	0	2		True		True		True		(0.0, 0.0, 0.0)		1.02741		0		SE
3		62141.1	63226.5	40	1		False		False		False		(0.0, 0.0, 0.0)		1.319835		0		NW
4		66170.45	66923.66	40	1		True		True		True		(0.0, 0.0, 0.0)		1.519104		0		SE
5		70189.16	70945.95	40	2		True		True		True		(0.0, 0.0, 0.0)		1.103426		0		SE
6		74220.13	74981.79	40	1		False		False		False		(0.0, 0.0, 0.0)		1.527221		0		NW
7		78241.31	79042.06	40	1		True		True		True		(0.0, 0.0, 0.0)		0.9868736		0		SW
8		82264.98	83142.43	40	2		False		False		False		(0.0, 0.0, 0.0)		1.289329		0		SW
9		86286.11	87247.73	0	1		True		True		True		(0.0, 0.0, 0.0)		1.300137		0		SW
10		90311.9	91092.53	40	1		True		True		True		(0.0, 0.0, 0.0)		1.292666		0		SW
11		94332.8	95338.21	40	2		False		False		False		(0.0, 0.0, 0.0)		0.7931676		0		NE
12		98347.42	99489.66	40	1		True		True		True		(0.0, 0.0, 0.0)		1.007161		0		NW
13		102367.7	103240.3	80	2		True		True		True		(0.0, 0.0, 0.0)		0.7850826		0		SE
14		106386.5	107434	80	1		True		True		True		(0.0, 0.0, 0.0)		1.312775		0		SW
15		110407.3	111399.1	80	2		True		True		True		(0.0, 0.0, 0.0)		0.7384237		0		NW
16		114424.3	115405.1	40	1		True		True		True		(0.0, 0.0, 0.0)		1.249345		0		SW
17		118448	119370.6	120	2		False		False		False		(0.0, 0.0, 0.0)		0.9422374		0		NW
18		122479.1	123398.4	0	2		True		True		True		(0.0, 0.0, 0.0)		0.8018891		0		SW
19		126500.1	127416.1	0	1		True		True		True		(0.0, 0.0, 0.0)		0.436467		0		NE
20		130515.5	131354.7	0	2		True		True		True		(0.0, 0.0, 0.0)		0.885918		0		NW
21		134532.4	135230.9	40	2		True		True		True		(0.0, 0.0, 0.0)		0.4203084		0		SW
22		138552.5	139414.8	40	1		True		True		True		(0.0, 0.0, 0.0)		0.7695236		0		NE
23		142575.8	143536	160	1		False		False		False		(0.0, 0.0, 0.0)		1.209859		0		SE
24		153362.3	154272.4	120	2		True		True		True		(0.0, 0.0, 0.0)		2.388845		0		SE
25		161528.3	162588.8	80	1		True		True		True		(0.0, 0.0, 0.0)		1.083943		0		NW
26		165551.2	166633.3	80	1		False		False		False		(0.0, 0.0, 0.0)		0.9248611		0		SW
27		169569.8	170426.2	80	2		True		True		True		(0.0, 0.0, 0.0)		0.9652985		0		NE
28		173598.7	174493.4	80	1		True		True		True		(0.0, 0.0, 0.0)		0.4526322		0		NW
29		177609.7	178510.4	80	1		True		True		True		(0.0, 0.0, 0.0)		0.7459486		0		NE
30		181640.6	182565.2	120	2		True		True		True		(0.0, 0.0, 0.0)		0.7144463		0		SW
31		185673.8	186546.5	120	2		True		True		True		(0.0, 0.0, 0.0)		1.14994		0		NE
32		189690.2	190550.5	120	2		False		False		False		(0.0, 0.0, 0.0)		0.1277533		0		SW
33		193723.5	194618.5	80	2		True		True		True		(0.0, 0.0, 0.0)		0.8842497		0		NE
34		197746.6	198640.6	80	1		False		False		False		(0.0, 0.0, 0.0)		0.7616817		0		SW
35		202388.9	203256.7	80	2		True		True		True		(0.0, 0.0, 0.0)		1.066726		0		SE
36		206571.3	207625.2	120	1		True		True		True		(0.0, 0.0, 0.0)		0.7715491		0		NW
37		210592	211529.6	120	2		False		False		False		(0.0, 0.0, 0.0)		0.3299031		0		NW
38		214618.8	215379.3	80	1		False		False		False		(0.0, 0.0, 0.0)		0.4892827		0		NW
39		218642.5	219765	40	2		True		True		True		(0.0, 0.0, 0.0)		1.738055		0		SW
40		224112.3	224870.8	40	1		True		True		True		(0.0, 0.0, 0.0)		0.8403646		0		NW
41		228127	228898.8	40	2		True		True		True		(0.0, 0.0, 0.0)		0.5213808		0		NW
42		232151.7	232956.1	120	1		True		True		True		(0.0, 0.0, 0.0)		1.010145		0		SW
43		236171.5	237135.5	80	1		True		True		True		(0.0, 0.0, 0.0)		1.474459		0		SW
44		240196.3	241140.2	80	1		True		True		True		(0.0, 0.0, 0.0)		0.4556247		0		NE
45		244221.7	245102.1	120	1		False		False		True		(0.0, 0.0, 0.0)		0.487856		0		NW
46		248246.6	249060	80	1		True		True		True		(0.0, 0.0, 0.0)		0.3065324		0		SE
47		252259.1	253114.6	80	2		False		False		True		(0.0, 0.0, 0.0)		0.3818086		0		NW
48		256267.5	257095	80	2		True		True		True		(0.0, 0.0, 0.0)		0.3726533		0		SW
49		260288.1	261790.6	160	2		True		True		True		(0.0, 0.0, 0.0)		0.25859		0		SW
50		264298	265406.9	160	2		False		False		False		(0.0, 0.0, 0.0)		0.5296399		0		SE
51		268315.3	269212.8	120	1		False		True		False		(0.0, 0.0, 0.0)		0.6287308		0		SE
52		272334	273482.7	120	1		True		True		True		(0.0, 0.0, 0.0)		0.4614695		0		NW
53		276352.1	277284.3	120	2		True		True		True		(0.0, 0.0, 0.0)		0.8028826		0		NE
54		280366.4	281471.2	120	2		False		False		False		(0.0, 0.0, 0.0)		0.9687639		0		SW
55		284381.7	285223.6	80	1		True		True		True		(0.0, 0.0, 0.0)		1.421434		0		SW
56		288401.1	289451	160	2		False		True		False		(0.0, 0.0, 0.0)		0.9712928		0		NW
57		292421.3	293294.9	40	1		False		False		False		(0.0, 0.0, 0.0)		0.5629275		0		SW
58		299083.9	300339.1	120	2		False		False		True		(0.0, 0.0, 0.0)		2.628397		0		SW
59		303104.2	304087.1	120	1		True		True		True		(0.0, 0.0, 0.0)		0.5035062		0		SW
60		307837.3	308947.2	120	2		True		True		True		(0.0, 0.0, 0.0)		1.031279		0		NW
61		311854.9	313069.2	80	1		False		False		True		(0.0, 0.0, 0.0)		0.8536832		0		NW
62		315879.2	316831.4	80	2		True		True		True		(0.0, 0.0, 0.0)		1.154134		0		SE
63		319900.9	320805.2	80	2		True		True		True		(0.0, 0.0, 0.0)		0.6412264		0		NE
64		323912.5	325126.6	120	1		False		True		False		(0.0, 0.0, 0.0)		0.7066163		0		NE
65		327929.3	328832.3	120	2		True		True		True		(0.0, 0.0, 0.0)		0.9579594		0		SW
66		331949.6	332991.7	120	1		True		True		True		(0.0, 0.0, 0.0)		0.5848671		0		SE
67		335966.3	337043.6	120	2		False		True		False		(0.0, 0.0, 0.0)		0.3799664		0		NW
68		339972.6	341195.3	80	2		True		True		True		(0.0, 0.0, 0.0)		0.5043768		0		NW
69		344480.5	345312.2	80	1		True		True		True		(0.0, 0.0, 0.0)		0.6425487		0		SE
70		348500.4	349283.4	80	2		True		True		True		(0.0, 0.0, 0.0)		1.754936		0		SE
71		352514.8	353333.9	120	2		True		True		True		(0.0, 0.0, 0.0)		0.8934957		0		SE
72		356533.1	357556.9	120	1		True		True		True		(0.0, 0.0, 0.0)		0.9921464		0		SE
73		360543.9	361768.1	160	1		True		True		True		(0.0, 0.0, 0.0)		0.8000126		0		NW
74		364563.5	365375.7	160	1		True		True		True		(0.0, 0.0, 0.0)		0.5504442		0		SE
75		368574.6	369439.9	200	1		False		False		True		(0.0, 0.0, 0.0)		0.9153352		0		NE
76		372675.3	373673.3	160	1		False		False		True		(0.0, 0.0, 0.0)		2.070216		0		SW
77		376687.8	377517.4	120	2		False		False		False		(0.0, 0.0, 0.0)		1.063159		0		NW
78		380701.7	381612.1	80	1		True		True		True		(0.0, 0.0, 0.0)		0.8905436		0		NE
79		384724.4	385787.3	80	2		False		False		False		(0.0, 0.0, 0.0)		0.08177992		0		SE
80		388743.9	389588.2	40	2		True		True		True		(0.0, 0.0, 0.0)		0.6417596		0		SE
81		392913.4	393705.8	40	1		True		True		True		(0.0, 0.0, 0.0)		0.740864		0		SW
82		396933	397700.8	160	1		True		True		True		(0.0, 0.0, 0.0)		0.9963867		0		SE
83		400950	401828	160	1		True		True		True		(0.0, 0.0, 0.0)		0.866141		0		NW
84		404976.8	405795.6	200	2		True		True		True		(0.0, 0.0, 0.0)		1.0737		0		SE
85		409000	409918.3	80	1		True		True		True		(0.0, 0.0, 0.0)		0.8351309		0		NE
86		422157	422453.8	80	2		False		True		False		(0.0, 0.0, 0.0)		0.7229017		0		SW
87		431564.7	432502.3	40	1		True		True		True		(0.0, 0.0, 0.0)		1.974193		0		SE
88		435571.9	437211	240	2		False		False		True		(0.0, 0.0, 0.0)		1.487577		0		SW
89		443630.4	444528.3	240	2		False		True		False		(0.0, 0.0, 0.0)		1.771991		0		SE
90		447662.1	448585.7	0	2		True		True		True		(0.0, 0.0, 0.0)		1.165101		0		SE
91		451677.3	453380.5	0	2		True		True		True		(0.0, 0.0, 0.0)		1.686586		0		SE
92		455692.3	456747.5	40	1		False		False		False		(0.0, 0.0, 0.0)		0.3773747		0		SW
93		459722.7	460778.3	200	1		True		True		True		(0.0, 0.0, 0.0)		0.5640275		0		NE
94		463734.1	464764.5	200	1		True		True		True		(0.0, 0.0, 0.0)		0.1122979		0		NW
95		467748.9	468749.2	240	1		False		True		False		(0.0, 0.0, 0.0)		0.7896915		0		SW
96		471762.4	472928.4	240	2		False		False		True		(0.0, 0.0, 0.0)		1.229989		0		SW
97		475783	476713.4	240	1		False		False		True		(0.0, 0.0, 0.0)		0.9517913		0		NE
98		491042.6	491152	200	2		False		False		False		(0.0, 0.0, 0.0)		0.5083347		0		NW
99		495167.5	496241.3	0	1		True		True		True		(0.0, 0.0, 0.0)		1.247107		0		SW
100		499178.5	500061.2	0	1		True		True		True		(0.0, 0.0, 0.0)		0.8413353		0		SW
101		508218.7	509260.4	240	1		False		False		True		(0.0, 0.0, 0.0)		0.7361861		0		SE
102		512244.6	513481.4	200	1		True		True		True		(0.0, 0.0, 0.0)		0.9769478		0		NW
103		517005.2	518762.9	200	1		False		True		False		(0.0, 0.0, 0.0)		0.7293254		0		NW
104		521026.1	529493.5	240	1		False		False		False		(0.0, 0.0, 0.0)		0		0		NE
105		539470.7	540487.8	200	2		False		False		True		(0.0, 0.0, 0.0)		1.075429		0		NW
106		543484.2	546165.4	200	2		False		False		True		(0.0, 0.0, 0.0)		2.431598		0		SE
107		548752.7	549794.3	40	2		True		True		True		(0.0, 0.0, 0.0)		1.290871		0		SW
108		552784.9	553982.4	40	2		False		False		False		(0.0, 0.0, 0.0)		2.657086		0		NW
109		556983.9	557842.1	0	2		False		False		False		(0.0, 0.0, 0.0)		2.477567		0		NW
110		560998.1	561855.1	0	2		True		True		True		(0.0, 0.0, 0.0)		2.054678		0		SE
111		565013.8	566532.3	0	2		False		False		True		(0.0, 0.0, 0.0)		0.8142359		0		SW
112		570721.8	571760.6	40	2		True		True		True		(0.0, 0.0, 0.0)		1.9115		0		NE
113		574741.1	575621.9	40	2		True		True		True		(0.0, 0.0, 0.0)		0.731681		0		SE
114		578758.4	579572.7	80	1		True		True		True		(0.0, 0.0, 0.0)		0.4651442		0		SW
115		582778.3	583644.1	80	1		True		True		True		(0.0, 0.0, 0.0)		0.249992		0		SE
116		586803.5	588146.1	240	1		False		False		False		(0.0, 0.0, 0.0)		0.720843		0		SE
117		594853.4	595976.9	200	1		False		True		False		(0.0, 0.0, 0.0)		1.401547		0		NE
118		598878.5	599952.3	200	2		False		False		True		(0.0, 0.0, 0.0)		1.290797		0		SW
119		603156.9	604196	200	1		False		False		True		(0.0, 0.0, 0.0)		0.2220664		0		NE
120		607181.2	608322.8	160	2		True		True		True		(0.0, 0.0, 0.0)		1.28893		0		NW
121		611216.4	612146.6	120	1		False		False		False		(0.0, 0.0, 0.0)		1.41159		0		NW
122		615234.3	616174.1	120	1		True		True		True		(0.0, 0.0, 0.0)		0.7166392		0		NW
123		623874.6	624960.3	120	2		True		True		True		(0.0, 0.0, 0.0)		0.7288551		0		NE
124		627880.5	629019.3	120	2		True		True		True		(0.0, 0.0, 0.0)		1.013688		0		NW
125		631894.7	634360.6	160	1		False		False		True		(0.0, 0.0, 0.0)		0.6020257		0		NE
126		636633.4	637514.4	80	1		True		True		True		(0.0, 0.0, 0.0)		0.6862354		0		SW
127		640646.8	641626.3	80	1		True		True		True		(0.0, 0.0, 0.0)		0.2777311		0		SE
128		644664.9	645688.8	120	2		True		True		True		(0.0, 0.0, 0.0)		0.1497061		0		NE
129		648685.7	649654.9	120	1		True		True		True		(0.0, 0.0, 0.0)		0.7565923		0		NW
130		652712.3	653587.3	120	1		True		True		True		(0.0, 0.0, 0.0)		0.5337283		0		SE
131		656747.4	657681	160	2		True		True		True		(0.0, 0.0, 0.0)		0.3733398		0		SW
132		660769.8	661647.1	200	1		False		False		True		(0.0, 0.0, 0.0)		1.165048		0		NE
133		664799.3	665811.3	120	2		False		False		True		(0.0, 0.0, 0.0)		1.52616		0		NE
134		669155.7	670082.5	120	1		True		True		True		(0.0, 0.0, 0.0)		1.016595		0		SE
135		677277.4	678596.2	120	1		False		False		True		(0.0, 0.0, 0.0)		0.6166484		0		SW
136		682834.8	683806.5	80	2		True		True		True		(0.0, 0.0, 0.0)		0.6759403		0		NE
137		686854.7	687663.1	240	1		True		True		True		(0.0, 0.0, 0.0)		1.324551		0		SW
138		690864.1	692461.6	240	1		True		True		True		(0.0, 0.0, 0.0)		0.837434		0		NE
139		694883.4	695785.9	120	2		True		True		True		(0.0, 0.0, 0.0)		0.8584504		0		NE
140		698904.9	700142.9	120	2		True		True		True		(0.0, 0.0, 0.0)		0.734816		0		SW
141		702923.3	703895.4	280	1		False		False		True		(0.0, 0.0, 0.0)		0.9614062		0		SE
142		706946.8	707852.1	80	1		True		True		True		(0.0, 0.0, 0.0)		1.129042		0		NE
143		710973.8	712081.9	80	2		True		True		True		(0.0, 0.0, 0.0)		1.396847		0		NW
144		714991.3	715880.4	80	1		True		True		True		(0.0, 0.0, 0.0)		1.395678		0		NW
145		719011.6	719893.4	120	2		True		True		True		(0.0, 0.0, 0.0)		1.258164		0		SW
146		723921.6	725107.2	320	2		True		True		True		(0.0, 0.0, 0.0)		0.173208		0		NE
147		728634.5	729759.9	320	2		False		False		True		(0.0, 0.0, 0.0)		0.8090226		0		SW
148		732652.9	733446.4	338	1		False		False		False		(0.0, 0.0, 0.0)		0.1020383		0		SW
149		741619.8	742406.9	80	1		True		True		True		(0.0, 0.0, 0.0)		0.9583697		0		NW
150		745636.8	746427.3	80	2		False		False		False		(0.0, 0.0, 0.0)		1.71959		0		SW
151		749654.5	750542.9	320	1		False		True		False		(0.0, 0.0, 0.0)		1.315139		0		NE
152		753672.9	754565.8	120	1		True		True		True		(0.0, 0.0, 0.0)		0.8571602		0		NE
153		758350.3	759474.2	120	2		True		True		True		(0.0, 0.0, 0.0)		0.4710332		0		NW
154		762369	763415.5	120	2		True		True		True		(0.0, 0.0, 0.0)		0.8102971		0		NE
155		766387.9	767237.8	338	2		False		False		False		(0.0, 0.0, 0.0)		0.6976268		0		SE
156		770411.7	771433	320	1		False		True		False		(0.0, 0.0, 0.0)		0.8889458		0		SW
157		774440.2	775480.4	160	2		True		True		True		(0.0, 0.0, 0.0)		0.1681521		0		NW
158		778463.4	779440.8	160	1		False		False		True		(0.0, 0.0, 0.0)		0.7524289		0		SW
159		786519.1	787680	120	1		False		True		False		(0.0, 0.0, 0.0)		0.9516864		0		NE
160		795551.6	796861.3	120	1		False		False		False		(0.0, 0.0, 0.0)		0.8623325		0		SW
161		799581.8	800568.4	80	1		True		True		True		(0.0, 0.0, 0.0)		0.693391		0		NW
162		803587	804467.1	80	2		True		True		True		(0.0, 0.0, 0.0)		0.3804087		0		NE
163		807611.2	808640.1	338	1		True		True		True		(0.0, 0.0, 0.0)		1.067193		0		SE
164		811640.5	812885.2	120	2		True		True		True		(0.0, 0.0, 0.0)		0.9473249		0		NE
165		815986.1	816826.6	120	2		False		False		False		(0.0, 0.0, 0.0)		1.750109		0		SE
166		820563.8	821358.1	320	1		False		False		True		(0.0, 0.0, 0.0)		1.943719		0		SW
167		824581.6	825384.4	80	2		True		True		True		(0.0, 0.0, 0.0)		1.603455		0		NW
168		828598.7	829650.6	80	2		True		True		True		(0.0, 0.0, 0.0)		0.6705801		0		NE
169		832623.3	833831.3	338	2		False		False		False		(0.0, 0.0, 0.0)		0.851169		0		SE
170		836649.6	837627.2	320	2		False		True		False		(0.0, 0.0, 0.0)		2.099015		0		NE
171		840662.2	841490.9	280	1		False		True		False		(0.0, 0.0, 0.0)		1.435218		0		NW
172		844678.9	845801.9	280	2		False		False		True		(0.0, 0.0, 0.0)		0.3743764		0		SW
173		848696.5	850096.7	280	1		False		True		False		(0.0, 0.0, 0.0)		1.750159		0		NE
174		852714.3	855094.3	120	2		False		True		False		(0.0, 0.0, 0.0)		1.145032		0		NE
175		860750.3	861890.7	240	2		False		False		False		(0.0, 0.0, 0.0)		1.338643		0		NE
176		864767.5	865816.2	200	1		False		False		False		(0.0, 0.0, 0.0)		0.5499128		0		SE
177		870109.6	871042.1	80	1		True		True		True		(0.0, 0.0, 0.0)		0.631863		0		SE
178		874129.9	875138.7	80	1		True		True		True		(0.0, 0.0, 0.0)		0.4677276		0		SE
179		878156.1	879117.1	120	2		True		True		True		(0.0, 0.0, 0.0)		0.6354341		0		NW
180		882184.7	883123.6	120	1		True		True		True		(0.0, 0.0, 0.0)		1.728597		0		SE
181		886210.3	887178.6	120	1		True		True		True		(0.0, 0.0, 0.0)		1.14279		0		SE
182		894315.6	895513.4	160	1		False		False		True		(0.0, 0.0, 0.0)		0.3626916		0		SW
183		898330.1	899288.6	120	2		True		True		True		(0.0, 0.0, 0.0)		0.7400093		0		SE
184		902355.3	903258.7	240	2		False		True		False		(0.0, 0.0, 0.0)		0.4268235		0		NE
185		907537.9	908730.4	200	1		False		False		False		(0.0, 0.0, 0.0)		1.217797		0		SE
186		913872.1	914849.8	80	1		False		False		False		(0.0, 0.0, 0.0)		0.6657184		0		NW
187		925053.1	925929.6	40	2		True		True		True		(0.0, 0.0, 0.0)		1.107959		0		NE
188		929086.3	929962.7	40	2		True		True		True		(0.0, 0.0, 0.0)		0.5438852		0		SW
189		933113.3	934061.7	240	1		False		True		False		(0.0, 0.0, 0.0)		1.861912		0		NW
190		937125	938165.8	240	2		False		False		True		(0.0, 0.0, 0.0)		0.5909774		0		SE
191		942341.8	943374.8	240	2		False		True		False		(0.0, 0.0, 0.0)		1.612572		0		SE
192		948294.3	949224.8	200	1		False		True		False		(0.0, 0.0, 0.0)		1.73007		0		NW
193		952309.3	953733.8	80	2		False		False		False		(0.0, 0.0, 0.0)		0.4055946		0		SE
194		956336.8	957730.6	160	2		True		True		True		(0.0, 0.0, 0.0)		1.092245		0		SW
195		960354.3	961936.9	160	2		False		False		True		(0.0, 0.0, 0.0)		1.161588		0		SE
196		968542.6	969541.8	200	1		True		True		True		(0.0, 0.0, 0.0)		0.4257971		0		NE
197		972556.6	973551.3	200	2		True		True		True		(0.0, 0.0, 0.0)		1.593826		0		SW
198		979234.1	980223	200	2		False		False		True		(0.0, 0.0, 0.0)		0.3276119		0		NW
199		983244.9	984161.4	240	1		True		True		True		(0.0, 0.0, 0.0)		0.3727518		0		NE
200		987259.1	988186.1	120	1		False		False		True		(0.0, 0.0, 0.0)		0.2835243		0		NW
