TrialNumber	StartTime	EndTime	CoherenceAngle	StaircaseNumber	CombinedResponse	CorrectVertical	CorrectHorizontal	GazeErrorHeadErrorStimulusDirection
0		38636.52	40219.92	0	1		True		True		True		(0.0, 0.0, 0.0)		0.8626248		0		NE
1		42708.67	43731.9	0	1		True		True		True		(0.0, 0.0, 0.0)		0.7591327		0		SE
2		47517.07	48530.58	40	1		True		True		True		(0.0, 0.0, 0.0)		0.5461675		0		SW
3		51524.67	52783.27	40	1		True		True		True		(0.0, 0.0, 0.0)		0.403895		0		SW
4		55539.21	56795.33	80	1		True		True		True		(0.0, 0.0, 0.0)		0.3585		0		NE
5		59556.79	60599.44	80	1		True		True		True		(0.0, 0.0, 0.0)		0.2303382		0		SE
6		63583.6	64685.96	120	1		True		True		True		(0.0, 0.0, 0.0)		0.5157897		0		SW
7		67603.19	68651.42	120	1		True		True		True		(0.0, 0.0, 0.0)		0.6552737		0		NW
8		71628.88	72796.64	160	1		True		True		True		(0.0, 0.0, 0.0)		0.6536193		0		NW
9		75642.53	76780.54	160	1		False		False		True		(0.0, 0.0, 0.0)		0.7153663		0		SE
10		79657.06	80706.07	120	1		True		True		True		(0.0, 0.0, 0.0)		0.3296308		0		NE
11		83672.57	84721.99	120	1		True		True		True		(0.0, 0.0, 0.0)		1.534856		0		SE
12		87692.49	88947.8	160	1		False		False		True		(0.0, 0.0, 0.0)		1.472584		0		SE
13		91706.45	92836.04	120	1		True		True		True		(0.0, 0.0, 0.0)		0.7615287		0		SW
14		95722.73	96961.01	120	1		True		True		True		(0.0, 0.0, 0.0)		0.3866159		0		SE
15		99741.59	101037.4	160	1		True		True		True		(0.0, 0.0, 0.0)		1.005902		0		NE
16		103755.4	104895.6	160	1		True		True		True		(0.0, 0.0, 0.0)		0.134665		0		SE
17		107776.4	108955.1	200	1		True		True		True		(0.0, 0.0, 0.0)		1.292397		0		NE
18		111784.7	113047.4	200	1		True		True		True		(0.0, 0.0, 0.0)		1.625308		0		NW
19		115792.8	116910.1	240	1		True		True		True		(0.0, 0.0, 0.0)		0.8586765		0		SW
20		119810.2	120900.7	240	1		True		True		True		(0.0, 0.0, 0.0)		0.8242617		0		NW
21		123841.4	124947.3	280	1		False		True		False		(0.0, 0.0, 0.0)		1.166933		0		NW
22		127862.4	128987.5	280	1		False		True		False		(0.0, 0.0, 0.0)		0.3331665		0		NW
23		131878	133246.1	320	1		True		True		True		(0.0, 0.0, 0.0)		1.032344		0		NW
24		135902.7	137195.8	320	1		True		True		True		(0.0, 0.0, 0.0)		0.8918107		0		NE
25		139918.6	141114.2	338	1		False		False		False		(0.0, 0.0, 0.0)		0.5893066		0		NW
26		143927.3	146573.9	320	1		True		True		True		(0.0, 0.0, 0.0)		1.130549		0		SE
27		147941.6	149251.7	320	1		False		False		False		(0.0, 0.0, 0.0)		0.9929516		0		SW
28		151964.7	153197.4	280	1		False		False		True		(0.0, 0.0, 0.0)		1.169719		0		SE
29		155985.5	157134.9	240	1		False		False		False		(0.0, 0.0, 0.0)		1.243007		0		SW
30		160013.1	161256.8	200	1		False		False		False		(0.0, 0.0, 0.0)		0.9963019		0		NW
31		164028.6	165134.4	160	1		True		True		True		(0.0, 0.0, 0.0)		0.2127211		0		SE
32		168044.4	169110.9	160	1		False		False		True		(0.0, 0.0, 0.0)		0.6575535		0		SW
33		172065	173393.6	120	1		True		True		True		(0.0, 0.0, 0.0)		0.4326325		0		NW
34		176096.8	177329.2	120	1		True		True		True		(0.0, 0.0, 0.0)		1.033922		0		SW
35		180609.3	181739.7	160	1		True		True		True		(0.0, 0.0, 0.0)		1.526238		0		SE
36		185162.1	186383.8	160	1		False		False		True		(0.0, 0.0, 0.0)		0.8505726		0		NE
37		189609.7	190731.9	120	1		True		True		True		(0.0, 0.0, 0.0)		1.265552		0		SW
38		193631.5	194708.4	120	1		True		True		True		(0.0, 0.0, 0.0)		1.537264		0		SE
39		197665.1	198898.2	160	1		True		True		True		(0.0, 0.0, 0.0)		1.224185		0		NE
40		201674.2	202785.3	160	1		False		False		True		(0.0, 0.0, 0.0)		1.327869		0		SW
41		206588.5	207717.5	120	1		True		True		True		(0.0, 0.0, 0.0)		2.286104		0		NE
42		210608.3	211716.8	120	1		True		True		True		(0.0, 0.0, 0.0)		0.9871142		0		SE
43		214625.8	215689.4	160	1		False		False		True		(0.0, 0.0, 0.0)		2.711481		0		SE
44		218644	219689.5	120	1		True		True		True		(0.0, 0.0, 0.0)		2.091558		0		NW
45		222669.8	223745	120	1		True		True		True		(0.0, 0.0, 0.0)		2.939735		0		SW
46		226681.5	227769.6	160	1		True		True		True		(0.0, 0.0, 0.0)		2.363145		0		NW
47		230701.5	231811	160	1		True		True		True		(0.0, 0.0, 0.0)		1.512857		0		NE
48		234719.8	235844	200	1		False		True		False		(0.0, 0.0, 0.0)		1.728022		0		SW
49		238738.4	239902.8	200	1		True		True		True		(0.0, 0.0, 0.0)		1.791749		0		SW
50		242760	243925	240	1		True		True		True		(0.0, 0.0, 0.0)		0.7904393		0		NE
51		246777.7	247999.5	240	1		False		False		True		(0.0, 0.0, 0.0)		1.005408		0		NW
52		250790.8	251941.3	200	1		False		False		True		(0.0, 0.0, 0.0)		1.202193		0		SE
53		254802.4	255926.6	160	1		False		False		False		(0.0, 0.0, 0.0)		1.405269		0		SW
54		258816.1	260284.8	120	1		True		True		True		(0.0, 0.0, 0.0)		1.344068		0		SW
55		262842.7	264050	120	1		True		True		True		(0.0, 0.0, 0.0)		0.7806712		0		SW
56		266862	268136.9	160	1		False		False		True		(0.0, 0.0, 0.0)		0.7343962		0		NW
57		272092.9	273188.3	120	1		True		True		True		(0.0, 0.0, 0.0)		0.4790451		0		NW
58		276376.3	277417.7	120	1		True		True		True		(0.0, 0.0, 0.0)		2.384818		0		NW
59		284423.9	285602.5	160	1		False		True		False		(0.0, 0.0, 0.0)		2.272262		0		NE
60		288730.2	289980.4	160	1		True		True		True		(0.0, 0.0, 0.0)		1.11702		0		SW
61		292739.9	293908.9	200	1		True		True		True		(0.0, 0.0, 0.0)		1.621078		0		NE
62		296766.7	298066.3	200	1		False		False		False		(0.0, 0.0, 0.0)		1.345101		0		SW
63		300780.3	301959.3	160	1		True		True		True		(0.0, 0.0, 0.0)		1.868651		0		SW
64		304796.5	305973.1	160	1		False		True		False		(0.0, 0.0, 0.0)		1.697189		0		NE
65		308809.1	310091.4	200	1		False		True		False		(0.0, 0.0, 0.0)		1.224413		0		NE
66		312837.3	314032.6	200	1		False		False		False		(0.0, 0.0, 0.0)		0.4227869		0		SE
67		316859.6	317985.4	160	1		True		True		True		(0.0, 0.0, 0.0)		2.813841		0		NW
68		320877.9	322403	160	1		True		True		True		(0.0, 0.0, 0.0)		1.114878		0		SE
69		324898.9	326145.7	200	1		False		False		True		(0.0, 0.0, 0.0)		0.9439136		0		SE
70		328922.3	330010.2	160	1		True		True		True		(0.0, 0.0, 0.0)		1.128382		0		NW
71		332947.7	334065	160	1		True		True		True		(0.0, 0.0, 0.0)		1.500155		0		SE
72		336968.3	338001.5	200	1		True		True		True		(0.0, 0.0, 0.0)		1.179169		0		NE
73		340988.5	342143.8	200	1		False		False		True		(0.0, 0.0, 0.0)		0.4981672		0		SW
74		345017.7	346253.2	160	1		False		False		True		(0.0, 0.0, 0.0)		1.499725		0		SW
75		349034.2	350135	120	1		True		True		True		(0.0, 0.0, 0.0)		0.913588		0		NE
76		353045.1	354058.6	120	1		True		True		True		(0.0, 0.0, 0.0)		0.3011871		0		NW
77		357797.5	359176.5	160	1		False		False		True		(0.0, 0.0, 0.0)		0.5647866		0		NW
78		361815.8	362925.8	120	1		True		True		True		(0.0, 0.0, 0.0)		1.454935		0		SE
79		365828.9	366901.3	120	1		True		True		True		(0.0, 0.0, 0.0)		1.648394		0		NE
80		369855	370959.7	160	1		True		True		True		(0.0, 0.0, 0.0)		0.4383167		0		NE
81		373881.7	374962.9	160	1		True		True		True		(0.0, 0.0, 0.0)		0.4192678		0		NE
82		377901.6	378945.8	200	1		False		False		False		(0.0, 0.0, 0.0)		1.097578		0		SW
83		381922.1	382835.2	160	1		False		True		False		(0.0, 0.0, 0.0)		1.664377		0		NW
84		385946.7	387153	160	1		True		True		True		(0.0, 0.0, 0.0)		1.513442		0		SE
85		389966.3	391036.2	200	1		False		True		False		(0.0, 0.0, 0.0)		1.694619		0		NW
86		393980.7	395342.6	200	1		False		False		True		(0.0, 0.0, 0.0)		0.8129526		0		SE
87		398000.2	399253.3	160	1		True		True		True		(0.0, 0.0, 0.0)		0.7466593		0		NW
88		402020.2	403075.4	160	1		True		True		True		(0.0, 0.0, 0.0)		0.3503035		0		SE
89		406042	407090.6	200	1		False		False		True		(0.0, 0.0, 0.0)		0.4794423		0		SW
90		410064.6	411329.9	160	1		False		True		False		(0.0, 0.0, 0.0)		0.5344031		0		SE
91		414091.8	416158.1	160	1		True		True		True		(0.0, 0.0, 0.0)		0.3221324		0		SW
92		418109.7	419708	200	1		False		False		True		(0.0, 0.0, 0.0)		1.514569		0		NE
93		422144.2	423111.7	160	1		True		True		True		(0.0, 0.0, 0.0)		0.7233325		0		SE
94		426161.2	427373.1	160	1		False		False		True		(0.0, 0.0, 0.0)		1.334717		0		SE
95		430190.1	431259.8	120	1		True		True		True		(0.0, 0.0, 0.0)		0.4394269		0		NW
96		434209	435535.3	120	1		False		False		False		(0.0, 0.0, 0.0)		0.692941		0		SW
97		438231.3	439324.6	80	1		True		True		True		(0.0, 0.0, 0.0)		0.2536118		0		NW
98		442248.8	443227	80	1		True		True		True		(0.0, 0.0, 0.0)		0.6221273		0		SE
99		446269.2	447310.2	120	1		True		True		True		(0.0, 0.0, 0.0)		0.5490581		0		NE
100		450284.2	451309.7	120	1		True		True		True		(0.0, 0.0, 0.0)		0.4724914		0		NW
