TrialNumber	StartTime	EndTime	CoherenceAngle	StaircaseNumber	CombinedResponse	CorrectVertical	CorrectHorizontal	GazeErrorHeadErrorStimulusDirection
0		48204.63	50158.63	0	1		True		True		True		(0.0, 0.0, 0.0)		1.358964		0		SE
1		52275.79	53912.82	0	1		True		True		True		(0.0, 0.0, 0.0)		0.4978057		0		NW
2		56285.54	57756	40	1		True		True		True		(0.0, 0.0, 0.0)		0.9179618		0		NW
3		60306.15	62463.36	40	1		True		True		True		(0.0, 0.0, 0.0)		0.9343561		0		NE
4		64326.83	65892.05	80	1		True		True		True		(0.0, 0.0, 0.0)		0.2993544		0		SW
5		68351.11	70305.8	80	1		True		True		True		(0.0, 0.0, 0.0)		1.271656		0		NW
6		72372.07	73977.54	120	1		True		True		True		(0.0, 0.0, 0.0)		0.7837194		0		SW
7		76403.69	77803.02	120	1		True		True		True		(0.0, 0.0, 0.0)		0.8683627		0		SE
8		80413.01	82032.46	160	1		True		True		True		(0.0, 0.0, 0.0)		0.6460553		0		NW
9		84433.48	85842.2	160	1		True		True		True		(0.0, 0.0, 0.0)		0.5975599		0		NE
10		88453.98	90008.95	200	1		True		True		True		(0.0, 0.0, 0.0)		0.868763		0		SW
11		92475.09	94024.48	200	1		False		False		True		(0.0, 0.0, 0.0)		0.5848671		0		SW
12		96495.05	97950.46	160	1		True		True		True		(0.0, 0.0, 0.0)		0.8731802		0		NE
13		100515.5	102321	160	1		True		True		True		(0.0, 0.0, 0.0)		0.6602106		0		SE
14		104535.5	106187.6	200	1		True		True		True		(0.0, 0.0, 0.0)		0.3084564		0		NE
15		109422.8	111474.1	200	1		False		False		True		(0.0, 0.0, 0.0)		1.146565		0		NE
16		113443.2	115764.5	160	1		True		True		True		(0.0, 0.0, 0.0)		0.4731194		0		SE
17		117464.4	119229.6	160	1		True		True		True		(0.0, 0.0, 0.0)		0.6246328		0		SE
18		121750	123239.1	200	1		False		False		True		(0.0, 0.0, 0.0)		1.083121		0		SE
19		125771.4	127603.8	160	1		True		True		True		(0.0, 0.0, 0.0)		0.9054942		0		NE
20		129791.9	131458.3	160	1		True		True		True		(0.0, 0.0, 0.0)		0.6580903		0		SE
21		133807.7	135367.7	200	1		True		True		True		(0.0, 0.0, 0.0)		0.7538141		0		SW
22		137827.8	139660.6	200	1		False		False		True		(0.0, 0.0, 0.0)		0.634441		0		SW
23		141848.3	144219.4	160	1		True		True		True		(0.0, 0.0, 0.0)		0.1666385		0		SW
24		146005.3	147384.3	160	1		True		True		True		(0.0, 0.0, 0.0)		0.4420465		0		SE
25		150027.5	151588.6	200	1		False		False		True		(0.0, 0.0, 0.0)		0.5990443		0		SE
26		154058.4	155587.3	160	1		True		True		True		(0.0, 0.0, 0.0)		0.4785806		0		NW
27		158068.4	159599.9	160	1		False		False		True		(0.0, 0.0, 0.0)		0.9311247		0		NE
28		162089.2	163606.4	120	1		True		True		True		(0.0, 0.0, 0.0)		0.6405842		0		SE
29		166109.4	167770.5	120	1		True		True		True		(0.0, 0.0, 0.0)		0.8867317		0		SE
30		170130.2	171673.1	160	1		True		True		True		(0.0, 0.0, 0.0)		1.346122		0		SW
31		174148.6	176038.8	160	1		True		True		True		(0.0, 0.0, 0.0)		0.5774529		0		NW
32		178160.5	179859.1	200	1		False		False		True		(0.0, 0.0, 0.0)		0.6121475		0		SE
33		182171.2	184641	160	1		True		True		True		(0.0, 0.0, 0.0)		0.9459879		0		NW
34		190416.3	191820.8	160	1		True		True		True		(0.0, 0.0, 0.0)		1.248953		0		NE
35		194438.7	196041.1	200	1		False		False		True		(0.0, 0.0, 0.0)		0.9602938		0		NW
36		198457.4	199838.7	160	1		False		False		True		(0.0, 0.0, 0.0)		1.034315		0		SE
37		202478.5	203736.2	120	1		True		True		True		(0.0, 0.0, 0.0)		0.9236149		0		NE
38		206502.1	208120.4	120	1		True		True		True		(0.0, 0.0, 0.0)		0.3672881		0		SE
39		210523.3	212523	160	1		True		True		True		(0.0, 0.0, 0.0)		0.7164766		0		SW
40		214544.3	216375.6	160	1		True		True		True		(0.0, 0.0, 0.0)		0.7443043		0		SW
41		218587	220675.3	200	1		True		True		True		(0.0, 0.0, 0.0)		0.5679236		0		SE
42		222596.5	224139.9	200	1		False		False		True		(0.0, 0.0, 0.0)		0.4273452		0		SW
43		226616.8	228293.9	160	1		False		False		True		(0.0, 0.0, 0.0)		1.104819		0		SW
44		230637.7	232103.5	120	1		True		True		True		(0.0, 0.0, 0.0)		1.628987		0		SE
45		234657.9	236556.8	120	1		False		False		True		(0.0, 0.0, 0.0)		1.239272		0		SE
46		238679.2	240150.7	80	1		True		True		True		(0.0, 0.0, 0.0)		0.6887668		0		SE
47		242710.5	244242	80	1		True		True		True		(0.0, 0.0, 0.0)		1.474966		0		NW
48		247025.5	248304.9	120	1		True		True		True		(0.0, 0.0, 0.0)		1.063194		0		NE
49		251034.8	252605.8	120	1		True		True		True		(0.0, 0.0, 0.0)		1.158729		0		SE
50		256648.6	258091.9	160	1		True		True		True		(0.0, 0.0, 0.0)		1.305406		0		NW
51		260680	262116.5	160	1		False		True		False		(0.0, 0.0, 0.0)		1.074776		0		NW
52		264696.8	267721.5	200	1		True		True		True		(0.0, 0.0, 0.0)		0.7341312		0		NW
53		269531.9	271475.6	200	1		False		False		True		(0.0, 0.0, 0.0)		1.251314		0		NW
54		273985.4	275329.2	160	1		True		True		True		(0.0, 0.0, 0.0)		0.9065253		0		NE
55		282015.8	283920.4	160	1		False		False		True		(0.0, 0.0, 0.0)		1.489735		0		NW
56		286030.2	287885.5	120	1		True		True		True		(0.0, 0.0, 0.0)		1.217798		0		NW
57		290056.5	291400.3	120	1		True		True		True		(0.0, 0.0, 0.0)		1.411959		0		SE
58		294072.1	295793.7	160	1		False		False		True		(0.0, 0.0, 0.0)		1.144715		0		NE
59		298086.3	299850.9	120	1		True		True		True		(0.0, 0.0, 0.0)		1.061948		0		NE
60		302113.3	303811	120	1		True		True		True		(0.0, 0.0, 0.0)		0.9204018		0		SE
61		306135.7	308132.9	160	1		True		True		True		(0.0, 0.0, 0.0)		1.177067		0		SW
62		310155.1	311643	160	1		True		True		True		(0.0, 0.0, 0.0)		0.9130344		0		SE
63		314176.5	315918.2	200	1		True		True		True		(0.0, 0.0, 0.0)		1.129746		0		SE
64		318196.6	320754.2	200	1		True		True		True		(0.0, 0.0, 0.0)		0.7923708		0		SW
65		322217.5	323849	240	1		False		False		True		(0.0, 0.0, 0.0)		0.8242316		0		SE
66		326230.5	327995.4	200	1		True		True		True		(0.0, 0.0, 0.0)		1.212639		0		SW
67		330246.4	332115.7	200	1		True		True		True		(0.0, 0.0, 0.0)		0.9368525		0		SW
68		334270.5	336136.3	240	1		False		False		True		(0.0, 0.0, 0.0)		0.7790635		0		SE
69		338291.1	340429.5	200	1		False		False		True		(0.0, 0.0, 0.0)		0.6562009		0		NW
70		342300.4	344355.2	160	1		False		False		True		(0.0, 0.0, 0.0)		0.8318269		0		SW
71		346309.8	347920.1	120	1		True		True		True		(0.0, 0.0, 0.0)		1.16937		0		SW
72		350330.3	351765	120	1		True		True		True		(0.0, 0.0, 0.0)		1.235601		0		NW
73		354358	355872.3	160	1		True		True		True		(0.0, 0.0, 0.0)		1.338269		0		NE
74		358382.3	359937.3	160	1		True		True		True		(0.0, 0.0, 0.0)		1.355508		0		SW
75		362392.3	363941.9	200	1		True		True		True		(0.0, 0.0, 0.0)		1.031186		0		NE
76		370761.3	372173.8	200	1		False		False		True		(0.0, 0.0, 0.0)		1.291038		0		SE
77		374782	376496.6	160	1		False		False		True		(0.0, 0.0, 0.0)		1.586821		0		NW
78		378802.3	380312.1	120	1		True		True		True		(0.0, 0.0, 0.0)		0.6260098		0		NW
79		382814.8	384836.4	120	1		True		True		True		(0.0, 0.0, 0.0)		0.8863286		0		SE
80		386836.9	388745.4	160	1		True		True		True		(0.0, 0.0, 0.0)		1.555481		0		SW
81		390868.6	392407.6	160	1		True		True		True		(0.0, 0.0, 0.0)		1.431544		0		SE
82		394900.1	396359.8	200	1		True		True		True		(0.0, 0.0, 0.0)		1.390468		0		SW
83		398926.6	400404.3	200	1		False		False		True		(0.0, 0.0, 0.0)		0.7504703		0		NE
84		402941.1	404792.8	160	1		True		True		True		(0.0, 0.0, 0.0)		1.009634		0		SE
85		406953.9	408692.3	160	1		False		False		True		(0.0, 0.0, 0.0)		0.7062868		0		NW
86		410982.1	412569.3	120	1		True		True		True		(0.0, 0.0, 0.0)		0.7016274		0		NW
87		415002.5	416699.4	120	1		True		True		True		(0.0, 0.0, 0.0)		1.474178		0		SE
88		419023.2	420739.8	160	1		True		True		True		(0.0, 0.0, 0.0)		0.9822739		0		SW
89		423043.6	424595.4	160	1		True		True		True		(0.0, 0.0, 0.0)		1.0826		0		SE
90		427076.2	428870.9	200	1		False		False		True		(0.0, 0.0, 0.0)		0.4188045		0		SE
91		431414.9	432992.6	160	1		False		False		True		(0.0, 0.0, 0.0)		1.31862		0		NE
92		435437.4	436965.4	120	1		True		True		True		(0.0, 0.0, 0.0)		1.554453		0		NW
93		439446.8	440931.1	120	1		False		False		True		(0.0, 0.0, 0.0)		1.628912		0		NW
94		443473.5	444972.9	80	1		True		True		True		(0.0, 0.0, 0.0)		1.078198		0		SE
95		447494.1	449038.3	80	1		True		True		True		(0.0, 0.0, 0.0)		1.211197		0		SE
96		451519.4	452911.5	120	1		True		True		True		(0.0, 0.0, 0.0)		1.106956		0		NE
97		455540.2	457105.9	120	1		True		True		True		(0.0, 0.0, 0.0)		1.354571		0		NW
98		459567	461047.4	160	1		True		True		True		(0.0, 0.0, 0.0)		1.14039		0		SW
99		463598.3	465076.2	160	1		True		True		True		(0.0, 0.0, 0.0)		0.8512082		0		NW
100		467631.5	469195.9	200	1		True		True		True		(0.0, 0.0, 0.0)		1.243042		0		NE
101		471655.5	473041.1	200	1		False		False		True		(0.0, 0.0, 0.0)		0.5761191		0		SW
102		475675.6	477486	160	1		True		True		True		(0.0, 0.0, 0.0)		1.163152		0		SW
103		479696.5	481095.7	160	1		True		True		True		(0.0, 0.0, 0.0)		0.7258056		0		SE
104		483712.5	485423.7	200	1		False		False		True		(0.0, 0.0, 0.0)		1.315684		0		NW
105		487732.4	489124.1	160	1		True		True		True		(0.0, 0.0, 0.0)		0.7355707		0		SW
106		491758	493563	160	1		True		True		True		(0.0, 0.0, 0.0)		1.469433		0		SW
107		495773.7	497550.6	200	1		False		False		True		(0.0, 0.0, 0.0)		0.9061607		0		SE
108		499798.8	501060.3	160	1		True		True		True		(0.0, 0.0, 0.0)		0.5710067		0		SW
109		503809.9	505407.5	160	1		True		True		True		(0.0, 0.0, 0.0)		1.096932		0		SE
110		507828.7	509727.8	200	1		True		True		True		(0.0, 0.0, 0.0)		0.9000553		0		NW
111		511849.3	513522	200	1		False		False		True		(0.0, 0.0, 0.0)		1.122772		0		SW
112		515870	517646.8	160	1		False		False		True		(0.0, 0.0, 0.0)		1.192412		0		NE
113		520342.8	522089.1	120	1		True		True		True		(0.0, 0.0, 0.0)		0.5563713		0		NE
114		524361.4	525809	120	1		True		True		True		(0.0, 0.0, 0.0)		0.6978507		0		SE
115		528382.3	529885.9	160	1		True		True		True		(0.0, 0.0, 0.0)		1.204807		0		SE
116		532402.3	533893.6	160	1		True		True		True		(0.0, 0.0, 0.0)		1.196252		0		NW
117		536422.4	537707.9	200	1		False		False		True		(0.0, 0.0, 0.0)		1.145075		0		NE
118		540443	542320	160	1		True		True		True		(0.0, 0.0, 0.0)		0.7935834		0		NW
119		544464.9	545861.6	160	1		False		False		True		(0.0, 0.0, 0.0)		1.10983		0		NW
120		548485.1	549894.5	120	1		True		True		True		(0.0, 0.0, 0.0)		1.047591		0		SE
121		552508.2	554111.2	120	1		True		True		True		(0.0, 0.0, 0.0)		1.125095		0		NW
122		556528.6	557915.4	160	1		True		True		True		(0.0, 0.0, 0.0)		1.038835		0		SW
123		560548.6	562694.1	160	1		True		True		True		(0.0, 0.0, 0.0)		0.8158938		0		NE
124		564560.4	566110.3	200	1		True		True		True		(0.0, 0.0, 0.0)		0.9816589		0		SW
125		568591.8	570052.7	200	1		False		False		True		(0.0, 0.0, 0.0)		1.056579		0		SW
126		572612	574263.9	160	1		False		False		True		(0.0, 0.0, 0.0)		0.7228589		0		NE
127		576643.5	578250.4	120	1		True		True		True		(0.0, 0.0, 0.0)		0.896956		0		SE
128		580663.9	581951.7	120	1		True		True		True		(0.0, 0.0, 0.0)		1.013832		0		SW
129		584679.4	586067.8	160	1		False		False		True		(0.0, 0.0, 0.0)		0.5672019		0		SE
130		588702.3	589954.9	120	1		True		True		True		(0.0, 0.0, 0.0)		0.7282556		0		NE
131		592714.4	594197.8	120	1		True		True		True		(0.0, 0.0, 0.0)		0.7821912		0		SW
132		596734.9	598288.3	160	1		False		False		True		(0.0, 0.0, 0.0)		1.11683		0		SW
133		600755.4	602088.8	120	1		True		True		True		(0.0, 0.0, 0.0)		1.141514		0		NW
134		604776	606025.8	120	1		True		True		True		(0.0, 0.0, 0.0)		0.8563573		0		SE
135		608796.4	610336.6	160	1		False		False		True		(0.0, 0.0, 0.0)		0.9739265		0		NW
136		612816.9	614216.1	120	1		True		True		True		(0.0, 0.0, 0.0)		0.8168706		0		NW
137		616826.2	618022.9	120	1		True		True		True		(0.0, 0.0, 0.0)		0.9773376		0		NE
138		620847.1	622278.7	160	1		True		True		True		(0.0, 0.0, 0.0)		0.7147779		0		SW
139		624867.1	626329.4	160	1		True		True		True		(0.0, 0.0, 0.0)		0.665668		0		SE
140		628894	630555.4	200	1		False		False		True		(0.0, 0.0, 0.0)		0.2103199		0		SE
141		632919.8	634296.7	160	1		True		True		True		(0.0, 0.0, 0.0)		0.7023215		0		SE
142		636939.8	638438.1	160	1		True		True		True		(0.0, 0.0, 0.0)		0.6585832		0		SE
143		640960.3	642392.3	200	1		True		True		True		(0.0, 0.0, 0.0)		0.7013087		0		NW
144		644970.3	647068.8	200	1		False		False		True		(0.0, 0.0, 0.0)		0.6330426		0		NW
145		649000.9	650722.8	160	1		True		True		True		(0.0, 0.0, 0.0)		0.5198224		0		NE
146		653022.2	654431.3	160	1		True		True		True		(0.0, 0.0, 0.0)		0.6936719		0		SE
147		657042.2	658485.8	200	1		True		True		True		(0.0, 0.0, 0.0)		0.3920889		0		NW
148		661062.6	662762.3	200	1		True		True		True		(0.0, 0.0, 0.0)		0.8383795		0		SW
149		665095.1	666468.3	240	1		True		True		True		(0.0, 0.0, 0.0)		0.9618704		0		SW
150		669114.8	670458.7	240	1		False		False		True		(0.0, 0.0, 0.0)		0.1204931		0		NE
151		673124.2	674490.3	200	1		False		False		True		(0.0, 0.0, 0.0)		0.877413		0		SW
152		677135.3	678761.2	160	1		False		False		True		(0.0, 0.0, 0.0)		0.9898127		0		NW
153		681154.2	682552.6	120	1		True		True		True		(0.0, 0.0, 0.0)		0.1151443		0		SE
154		685175.1	686516.9	120	1		True		True		True		(0.0, 0.0, 0.0)		0.4271708		0		SW
155		689206.3	691027.3	160	1		False		False		True		(0.0, 0.0, 0.0)		0.9663432		0		SW
156		693232.9	694333.9	120	1		True		True		True		(0.0, 0.0, 0.0)		0.9458098		0		SW
157		697253.3	698523.4	120	1		True		True		True		(0.0, 0.0, 0.0)		0.8341291		0		NW
158		701269.5	702654.9	160	1		False		False		True		(0.0, 0.0, 0.0)		0.6565275		0		SW
159		705283.2	706331.1	120	1		True		True		True		(0.0, 0.0, 0.0)		0.8196803		0		NW
160		709418.6	710515.8	120	1		True		True		True		(0.0, 0.0, 0.0)		0.8819973		0		SW
161		713447.5	714649	160	1		True		True		True		(0.0, 0.0, 0.0)		0.7873996		0		NW
162		717467.1	718623.4	160	1		True		True		True		(0.0, 0.0, 0.0)		0.6866551		0		SE
163		721488.5	723835.8	200	1		False		False		True		(0.0, 0.0, 0.0)		0.9357702		0		NW
164		725757.1	726944.4	160	1		False		False		False		(0.0, 0.0, 0.0)		0.7431158		0		SW
165		729778.1	731127.7	120	1		True		True		True		(0.0, 0.0, 0.0)		0.3806658		0		NW
166		733797.9	735237.1	120	1		True		True		True		(0.0, 0.0, 0.0)		0.6807902		0		NW
167		737818.6	739459.4	160	1		False		False		True		(0.0, 0.0, 0.0)		0.6785456		0		SE
168		741850.4	743143.1	120	1		True		True		True		(0.0, 0.0, 0.0)		0.5890543		0		SE
169		745880.6	747221.3	120	1		True		True		True		(0.0, 0.0, 0.0)		0.4541948		0		SE
170		749902.6	751876.9	160	1		True		True		True		(0.0, 0.0, 0.0)		0.8383918		0		SW
171		753922.9	755497.2	160	1		True		True		True		(0.0, 0.0, 0.0)		0.5843285		0		NW
172		757944.3	760154.1	200	1		True		True		True		(0.0, 0.0, 0.0)		0.7485594		0		NW
173		761974.9	763471.6	200	1		True		True		True		(0.0, 0.0, 0.0)		0.7602715		0		NE
174		765984.2	767547.3	240	1		False		False		True		(0.0, 0.0, 0.0)		0.2869995		0		SE
175		770011.4	771715.3	200	1		True		True		True		(0.0, 0.0, 0.0)		0.7510257		0		SW
176		775768.9	777320.5	200	1		True		True		True		(0.0, 0.0, 0.0)		0.6355459		0		SW
177		779789.1	780961.9	240	1		False		False		True		(0.0, 0.0, 0.0)		0.5692195		0		SE
178		783806.3	785393.6	200	1		False		False		True		(0.0, 0.0, 0.0)		0.4690396		0		SE
179		787830.5	788938.2	160	1		True		True		True		(0.0, 0.0, 0.0)		0.5279618		0		SE
180		791851.4	793301	160	1		False		False		True		(0.0, 0.0, 0.0)		0.7426672		0		NW
181		795871.4	797159.7	120	1		True		True		True		(0.0, 0.0, 0.0)		0.5299595		0		NW
182		799891.9	801186.7	120	1		True		True		True		(0.0, 0.0, 0.0)		0.7159745		0		NE
183		803903.1	805280	160	1		True		True		True		(0.0, 0.0, 0.0)		0.6000075		0		NE
184		807922.4	809132.6	160	1		True		True		True		(0.0, 0.0, 0.0)		0.8379705		0		NW
185		811942.4	813170.2	200	1		True		True		True		(0.0, 0.0, 0.0)		0.7750212		0		SE
186		815963	817379.6	200	1		False		False		True		(0.0, 0.0, 0.0)		0.6292151		0		NW
187		819983.3	822015.7	160	1		True		True		True		(0.0, 0.0, 0.0)		0.6940685		0		SW
188		824003.7	825620.3	160	1		False		False		True		(0.0, 0.0, 0.0)		0.634256		0		NE
189		828024.3	829419.1	120	1		True		True		True		(0.0, 0.0, 0.0)		0.5712247		0		SE
190		832045.7	833827.9	120	1		True		True		True		(0.0, 0.0, 0.0)		0.8309802		0		NW
191		836054.1	837421	160	1		True		True		True		(0.0, 0.0, 0.0)		0.7887414		0		SW
192		840074.9	841415.1	160	1		True		True		True		(0.0, 0.0, 0.0)		0.3159237		0		SE
193		844095.9	846462.2	200	1		True		True		True		(0.0, 0.0, 0.0)		0.50989		0		NE
194		848104.5	849723.2	200	1		False		False		True		(0.0, 0.0, 0.0)		0.709814		0		NE
195		852125.1	853997.2	160	1		True		True		True		(0.0, 0.0, 0.0)		0.6778514		0		SE
196		856153.8	857562.3	160	1		True		True		True		(0.0, 0.0, 0.0)		0.7928264		0		SW
197		860188.4	861573.4	200	1		False		False		True		(0.0, 0.0, 0.0)		0.5231115		0		SW
198		864206.8	866158.6	160	1		True		True		True		(0.0, 0.0, 0.0)		0.7021191		0		NW
199		868229.3	870183.8	160	1		True		True		True		(0.0, 0.0, 0.0)		0.4214125		0		SW
200		872249.7	873833.1	200	1		False		False		True		(0.0, 0.0, 0.0)		0.08469991		0		NE
201		876269.4	878617.9	160	1		False		False		True		(0.0, 0.0, 0.0)		0.5852225		0		SW
202		880289.1	881565.4	120	1		True		True		True		(0.0, 0.0, 0.0)		0.7376615		0		NE
203		884311.1	885539.4	120	1		True		True		True		(0.0, 0.0, 0.0)		0.6166726		0		NW
204		888331.9	889793.4	160	1		True		True		True		(0.0, 0.0, 0.0)		0.8015016		0		SW
205		892353	893786.4	160	1		True		True		True		(0.0, 0.0, 0.0)		0.6028903		0		NE
206		896374.6	898192.7	200	1		False		False		True		(0.0, 0.0, 0.0)		0.6385717		0		NE
207		900399.6	901787.7	160	1		True		True		True		(0.0, 0.0, 0.0)		0.620408		0		SE
208		904424.8	905794	160	1		True		True		True		(0.0, 0.0, 0.0)		0.615661		0		SW
209		908445.5	909895.4	200	1		False		False		True		(0.0, 0.0, 0.0)		0.8174754		0		SE
210		912465.9	913826.9	160	1		True		True		True		(0.0, 0.0, 0.0)		0.6680794		0		SE
211		916475.8	917836.4	160	1		False		False		True		(0.0, 0.0, 0.0)		0.6045482		0		NW
212		920495.6	921790.2	120	1		True		True		True		(0.0, 0.0, 0.0)		0.4619827		0		SW
213		924526.2	925796.3	120	1		True		True		True		(0.0, 0.0, 0.0)		0.2717975		0		NE
214		928546.5	929880.1	160	1		True		True		True		(0.0, 0.0, 0.0)		0.4905799		0		SE
215		932568.8	934360.6	160	1		False		False		True		(0.0, 0.0, 0.0)		0.6751958		0		SW
216		936600.1	937806.4	120	1		True		True		True		(0.0, 0.0, 0.0)		0.4593238		0		SW
217		940614.2	941757.7	120	1		True		True		True		(0.0, 0.0, 0.0)		0.4194901		0		NW
218		944640.4	945825	160	1		True		True		True		(0.0, 0.0, 0.0)		0.4233497		0		NE
219		948661	949879.9	160	1		True		True		True		(0.0, 0.0, 0.0)		0.6672809		0		NE
220		952678.6	953965.4	200	1		False		True		False		(0.0, 0.0, 0.0)		0.5593527		0		SW
221		956701.6	958598.2	200	1		False		False		True		(0.0, 0.0, 0.0)		0.2929121		0		NW
222		960719.1	961998.1	160	1		True		True		True		(0.0, 0.0, 0.0)		0.5127757		0		SE
223		964742.3	966053.7	160	1		True		True		True		(0.0, 0.0, 0.0)		0.6021724		0		SE
224		968774.6	969971.8	200	1		False		False		True		(0.0, 0.0, 0.0)		0.6292807		0		SE
225		972793.6	973959.6	160	1		False		True		False		(0.0, 0.0, 0.0)		0.4358536		0		NW
226		976814.1	978621.3	160	1		False		False		True		(0.0, 0.0, 0.0)		0.5726433		0		NW
227		981661.7	982790.8	120	1		True		True		True		(0.0, 0.0, 0.0)		0.5682539		0		NW
228		985677.9	987034.5	120	1		True		True		True		(0.0, 0.0, 0.0)		0.3543354		0		SE
229		989693	990964.4	160	1		True		True		True		(0.0, 0.0, 0.0)		0.2405909		0		NW
230		993708.3	995019	160	1		True		True		True		(0.0, 0.0, 0.0)		0.5934553		0		NW
231		997729.2	998846	200	1		False		False		True		(0.0, 0.0, 0.0)		0.5383042		0		NW
232		1001750	1002900	160	1		True		True		True		(0.0, 0.0, 0.0)		0.4111302		0		SE
233		1005767	1007514	160	1		False		False		True		(0.0, 0.0, 0.0)		0.7171334		0		NW
234		1010280	1011849	120	1		False		False		True		(0.0, 0.0, 0.0)		0.1636042		0		SW
235		1014300	1015475	80	1		True		True		True		(0.0, 0.0, 0.0)		0.6504191		0		SE
236		1018309	1019427	80	1		True		True		True		(0.0, 0.0, 0.0)		0.8612029		0		SE
237		1022332	1024162	120	1		True		True		True		(0.0, 0.0, 0.0)		0.5428401		0		SE
238		1026350	1027512	120	1		True		True		True		(0.0, 0.0, 0.0)		0.5073631		0		SE
239		1030371	1032148	160	1		True		True		True		(0.0, 0.0, 0.0)		0.285156		0		NW
240		1034391	1036100	160	1		False		False		True		(0.0, 0.0, 0.0)		0.446403		0		SE
241		1038412	1039379	120	1		True		True		True		(0.0, 0.0, 0.0)		0.4306884		0		SE
242		1042432	1043860	120	1		False		True		False		(0.0, 0.0, 0.0)		0.3796284		0		NW
243		1046453	1047975	160	1		False		False		True		(0.0, 0.0, 0.0)		0.5179486		0		SE
244		1050473	1051912	120	1		True		True		True		(0.0, 0.0, 0.0)		0.6145109		0		NW
245		1054494	1055589	120	1		True		True		True		(0.0, 0.0, 0.0)		0.3810953		0		SE
246		1058524	1059801	160	1		True		True		True		(0.0, 0.0, 0.0)		0.5667077		0		NW
247		1062541	1064012	160	1		False		False		True		(0.0, 0.0, 0.0)		0.4423921		0		NW
248		1066555	1067821	120	1		True		True		True		(0.0, 0.0, 0.0)		0.5650518		0		SW
249		1070576	1071874	120	1		True		True		True		(0.0, 0.0, 0.0)		0.6813379		0		NW
250		1074596	1075885	160	1		True		True		True		(0.0, 0.0, 0.0)		0.4764927		0		SE
251		1078623	1080134	160	1		True		True		True		(0.0, 0.0, 0.0)		0.4787682		0		NW
252		1082648	1083857	200	1		True		True		True		(0.0, 0.0, 0.0)		0.685973		0		SE
253		1086658	1087854	200	1		False		False		True		(0.0, 0.0, 0.0)		0.7204463		0		NW
254		1090679	1092544	160	1		True		True		True		(0.0, 0.0, 0.0)		0.3306159		0		NW
255		1094699	1096005	160	1		True		True		True		(0.0, 0.0, 0.0)		0.3608726		0		NW
256		1098714	1100003	200	1		True		True		True		(0.0, 0.0, 0.0)		0.4175497		0		NE
257		1102729	1105282	200	1		False		False		True		(0.0, 0.0, 0.0)		0.6926702		0		SE
258		1106916	1108158	160	1		True		True		True		(0.0, 0.0, 0.0)		0.4489946		0		SE
259		1110936	1112376	160	1		True		True		True		(0.0, 0.0, 0.0)		0.5052096		0		SW
260		1114957	1116343	200	1		True		True		True		(0.0, 0.0, 0.0)		0.2592984		0		SE
261		1118966	1120083	200	1		True		True		True		(0.0, 0.0, 0.0)		0.6833138		0		NE
262		1122975	1124392	240	1		False		False		True		(0.0, 0.0, 0.0)		0.5507219		0		NE
263		1126996	1128080	200	1		True		True		True		(0.0, 0.0, 0.0)		0.4669155		0		NE
264		1131017	1132156	200	1		True		True		True		(0.0, 0.0, 0.0)		0.6929587		0		NE
265		1135047	1136746	240	1		False		False		True		(0.0, 0.0, 0.0)		0.8453461		0		SW
266		1139058	1140295	200	1		False		False		True		(0.0, 0.0, 0.0)		0.3311426		0		NW
267		1143078	1144710	160	1		True		True		True		(0.0, 0.0, 0.0)		0.4442679		0		NE
268		1147098	1148371	160	1		True		True		True		(0.0, 0.0, 0.0)		0.329133		0		SE
269		1151119	1152402	200	1		True		True		True		(0.0, 0.0, 0.0)		0.3301625		0		SW
270		1155139	1156315	200	1		False		True		False		(0.0, 0.0, 0.0)		0.1896589		0		NE
271		1159160	1160534	240	1		False		False		True		(0.0, 0.0, 0.0)		0.3364538		0		NE
272		1163191	1164469	200	1		True		True		True		(0.0, 0.0, 0.0)		0.3629117		0		SW
273		1167207	1168737	200	1		False		False		True		(0.0, 0.0, 0.0)		0.6721785		0		SW
274		1171221	1172420	160	1		True		True		True		(0.0, 0.0, 0.0)		0.399734		0		NE
275		1175241	1176473	160	1		True		True		True		(0.0, 0.0, 0.0)		0.3632117		0		SW
276		1179260	1180471	200	1		False		False		True		(0.0, 0.0, 0.0)		0.1958448		0		SE
277		1183280	1184593	160	1		True		True		True		(0.0, 0.0, 0.0)		0.2845724		0		NE
278		1187299	1188592	160	1		False		False		True		(0.0, 0.0, 0.0)		0.3839496		0		NE
279		1191309	1192398	120	1		True		True		True		(0.0, 0.0, 0.0)		0.746686		0		SE
280		1195317	1196481	120	1		True		True		True		(0.0, 0.0, 0.0)		0.3172985		0		SW
281		1199338	1200582	160	1		True		True		True		(0.0, 0.0, 0.0)		0.3703552		0		NE
282		1203358	1205817	160	1		True		True		True		(0.0, 0.0, 0.0)		0.7622089		0		NW
283		1207436	1209127	200	1		True		True		True		(0.0, 0.0, 0.0)		0.6473264		0		NW
284		1211455	1213355	200	1		True		True		True		(0.0, 0.0, 0.0)		0.411317		0		NW
285		1215476	1217020	240	1		False		False		True		(0.0, 0.0, 0.0)		0.3419039		0		NW
286		1219497	1221100	200	1		True		True		True		(0.0, 0.0, 0.0)		0.6148143		0		NW
287		1223517	1225198	200	1		True		True		True		(0.0, 0.0, 0.0)		0.389468		0		NE
288		1227537	1228797	240	1		True		True		True		(0.0, 0.0, 0.0)		0.6364389		0		SE
289		1231557	1233128	240	1		False		False		True		(0.0, 0.0, 0.0)		0.4222904		0		SE
290		1235583	1236667	200	1		False		False		True		(0.0, 0.0, 0.0)		0.6619558		0		NE
291		1239603	1241093	160	1		True		True		True		(0.0, 0.0, 0.0)		0.1897898		0		SW
292		1243624	1244900	160	1		True		True		True		(0.0, 0.0, 0.0)		0.5882941		0		SW
293		1247644	1249207	200	1		True		True		True		(0.0, 0.0, 0.0)		0.1572363		0		SE
294		1251662	1253441	200	1		False		False		True		(0.0, 0.0, 0.0)		0.6606219		0		SW
295		1255674	1257440	160	1		False		False		True		(0.0, 0.0, 0.0)		0.4382399		0		NW
296		1259695	1260903	120	1		True		True		True		(0.0, 0.0, 0.0)		0.4916103		0		SE
297		1263715	1265103	120	1		True		True		True		(0.0, 0.0, 0.0)		0.3703831		0		NW
298		1267736	1269379	160	1		False		False		True		(0.0, 0.0, 0.0)		0.7190499		0		NE
299		1271756	1272918	120	1		True		True		True		(0.0, 0.0, 0.0)		0.5549187		0		NW
300		1275777	1276845	120	1		True		True		True		(0.0, 0.0, 0.0)		0.3549593		0		SW
