TrialNumber	StartTime	EndTime	CoherenceAngle	StaircaseNumber	CombinedResponse	CorrectVertical	CorrectHorizontal	GazeErrorHeadErrorStimulusDirection
0		36035.42	39697.29	0	1		True		True		True		(0.0, 0.0, 0.0)		0.4457614		0		NW
1		40689.4	41538.59	0	1		True		True		True		(0.0, 0.0, 0.0)		0.1967288		0		SE
2		44723.58	45381.39	40	1		True		True		True		(0.0, 0.0, 0.0)		0.2042		0		SW
3		48742.45	49330.14	40	1		True		True		True		(0.0, 0.0, 0.0)		0.7901511		0		SW
4		52772.96	53549.76	80	1		False		False		True		(0.0, 0.0, 0.0)		0.6196554		0		NW
5		56785.14	57575.92	40	1		True		True		True		(0.0, 0.0, 0.0)		0.1703043		0		SW
6		60808.22	61874.7	40	1		True		True		True		(0.0, 0.0, 0.0)		0.8646988		0		SW
7		64839.82	70728.92	80	1		True		True		True		(0.0, 0.0, 0.0)		0.3443109		0		NW
8		92281.3	93242.74	80	1		True		True		True		(0.0, 0.0, 0.0)		0.308175		0		SW
9		96295.59	99308.76	120	1		True		True		True		(0.0, 0.0, 0.0)		1.42857		0		SW
10		100308.8	101442.1	120	1		False		False		False		(0.0, 0.0, 0.0)		3.165331		0		NW
11		104319.9	114663.3	80	1		True		True		True		(0.0, 0.0, 0.0)		0.2463205		0		SE
12		119694.7	120415.8	80	1		True		True		True		(0.0, 0.0, 0.0)		0.3104422		0		NE
13		128025.7	128751.8	120	1		False		False		False		(0.0, 0.0, 0.0)		0.4601891		0		SW
14		132048.1	133021.7	80	1		False		False		False		(0.0, 0.0, 0.0)		0.6615538		0		SW
15		136063.5	136733.7	40	1		True		True		True		(0.0, 0.0, 0.0)		0.5239809		0		NE
16		144120.8	145265.3	40	1		True		True		True		(0.0, 0.0, 0.0)		0.6065753		0		NW
17		149168.8	150036	80	1		False		False		False		(0.0, 0.0, 0.0)		0.9264369		0		SW
18		153196.9	154153.3	40	1		True		True		True		(0.0, 0.0, 0.0)		0.2174422		0		NE
19		161259.3	162142.5	40	1		True		True		True		(0.0, 0.0, 0.0)		0.3422379		0		NW
20		165285.8	166637.5	80	1		False		False		False		(0.0, 0.0, 0.0)		0.2321363		0		NW
21		169295.3	174836	40	1		True		True		True		(0.0, 0.0, 0.0)		0.2981186		0		SE
22		175833.1	177109.7	40	1		True		True		True		(0.0, 0.0, 0.0)		0.7081911		0		SW
23		179852.8	180932.8	80	1		False		False		False		(0.0, 0.0, 0.0)		0.3393683		0		NW
24		183867.8	185300.2	40	1		True		True		True		(0.0, 0.0, 0.0)		0.4634462		0		NW
25		187897.5	189131.2	40	1		True		True		True		(0.0, 0.0, 0.0)		0.7549666		0		NW
26		191917.8	192777.2	80	1		True		True		True		(0.0, 0.0, 0.0)		0.3908423		0		NW
27		195942.2	196843.8	80	1		True		True		True		(0.0, 0.0, 0.0)		0.7095394		0		NW
28		199958.5	200835.1	120	1		False		False		False		(0.0, 0.0, 0.0)		3.530973		0		SW
29		203974.4	204845.7	80	1		True		True		True		(0.0, 0.0, 0.0)		0.7490295		0		NW
30		209020.5	209980.9	80	1		False		False		True		(0.0, 0.0, 0.0)		1.596448		0		SW
31		214576.7	215346.4	40	1		True		True		True		(0.0, 0.0, 0.0)		0.3338082		0		NE
32		222614.1	223450.4	40	1		True		True		True		(0.0, 0.0, 0.0)		3.037948		0		NW
33		230792	231632.6	80	1		True		True		True		(0.0, 0.0, 0.0)		1.137245		0		NE
34		234811.9	235606.4	80	1		True		True		True		(0.0, 0.0, 0.0)		0.6784668		0		NE
35		242851.4	243574.9	120	1		True		True		True		(0.0, 0.0, 0.0)		0.7036572		0		NE
36		246868.7	247785.6	120	1		False		False		True		(0.0, 0.0, 0.0)		1.43799		0		SW
37		250892.7	251811.3	80	1		True		True		True		(0.0, 0.0, 0.0)		0.4049345		0		NE
38		254916	255745.2	80	1		True		True		True		(0.0, 0.0, 0.0)		0.5069276		0		NE
39		270988.5	272016.3	120	1		True		True		True		(0.0, 0.0, 0.0)		0.9180804		0		SW
40		275010.4	275818.9	120	1		True		True		True		(0.0, 0.0, 0.0)		0.6247681		0		NE
41		279034.2	279947.4	160	1		False		False		False		(0.0, 0.0, 0.0)		0.4614803		0		SW
42		283052.8	285026.4	120	1		True		True		True		(0.0, 0.0, 0.0)		0.1328507		0		SE
43		287069.5	287981.3	120	1		True		True		True		(0.0, 0.0, 0.0)		0.5070791		0		NE
44		291096.4	291958.3	160	1		True		True		True		(0.0, 0.0, 0.0)		1.801434		0		NE
45		299131.9	300115.5	160	1		True		True		True		(0.0, 0.0, 0.0)		0.5764825		0		NE
46		309407.8	310331.1	200	1		False		False		True		(0.0, 0.0, 0.0)		0.7562518		0		SE
47		323496.9	324302.5	160	1		True		True		True		(0.0, 0.0, 0.0)		1.780657		0		NE
48		331622.4	332525.8	160	1		False		False		False		(0.0, 0.0, 0.0)		0.8573773		0		SE
49		339656.8	340447.7	120	1		True		True		True		(0.0, 0.0, 0.0)		0.5915171		0		NE
50		343676.8	344638.4	120	1		True		True		True		(0.0, 0.0, 0.0)		0.6720336		0		SW
51		347698.2	348450.3	160	1		True		True		True		(0.0, 0.0, 0.0)		0.5762975		0		NE
52		355744.5	356620.4	160	1		True		True		True		(0.0, 0.0, 0.0)		0.9862415		0		NW
53		359761.3	360625.4	200	1		True		True		True		(0.0, 0.0, 0.0)		0.1683066		0		NW
54		363784.8	364662.2	200	1		False		False		True		(0.0, 0.0, 0.0)		0.5304892		0		SE
55		379112.3	380054.4	160	1		False		True		False		(0.0, 0.0, 0.0)		0.2262739		0		SW
56		383126.8	384003.1	160	1		False		False		False		(0.0, 0.0, 0.0)		0.2243402		0		SE
57		387145.5	390098.7	120	1		False		False		False		(0.0, 0.0, 0.0)		0.3326315		0		NW
58		391164.9	392012.6	80	1		True		True		True		(0.0, 0.0, 0.0)		0.4982976		0		SW
59		395183.8	395905.4	80	1		True		True		True		(0.0, 0.0, 0.0)		0.326147		0		NE
60		399204.2	400236.4	120	1		True		True		True		(0.0, 0.0, 0.0)		3.136163		0		SW
61		403229.8	404110.8	120	1		True		True		True		(0.0, 0.0, 0.0)		0.4648657		0		NE
62		407248.5	408368.3	160	1		False		False		True		(0.0, 0.0, 0.0)		0.5326905		0		SW
63		411265.6	414487.1	120	1		False		True		False		(0.0, 0.0, 0.0)		0.2841584		0		SW
64		419486.9	420325.8	120	1		True		True		True		(0.0, 0.0, 0.0)		0.4636482		0		NE
65		427507.7	428447	160	1		True		True		True		(0.0, 0.0, 0.0)		0.3708935		0		NW
66		431520.2	432457.2	160	1		False		False		False		(0.0, 0.0, 0.0)		0.403913		0		SW
67		439889.3	441709	120	1		True		True		True		(0.0, 0.0, 0.0)		1.532716		0		SE
68		447918.8	449584	120	1		True		True		True		(0.0, 0.0, 0.0)		0.861171		0		SE
69		451937.4	453007.9	160	1		False		False		True		(0.0, 0.0, 0.0)		0.2393535		0		NE
70		455953.7	457103.8	120	1		True		True		True		(0.0, 0.0, 0.0)		3.434126		0		NE
71		459978.9	461073.7	120	1		True		True		True		(0.0, 0.0, 0.0)		0.8938298		0		NW
72		468015.4	468814.8	160	1		True		True		True		(0.0, 0.0, 0.0)		0.4429585		0		NW
73		472026.9	472983.6	160	1		True		True		True		(0.0, 0.0, 0.0)		0.5865766		0		NW
74		480068.8	480986.2	200	1		False		False		True		(0.0, 0.0, 0.0)		0.614547		0		NE
75		484087.5	485176.4	160	1		False		True		False		(0.0, 0.0, 0.0)		0.2894194		0		SW
76		488113.2	489087.5	160	1		True		True		True		(0.0, 0.0, 0.0)		0.38476		0		SE
77		492142.8	493261.6	200	1		True		True		True		(0.0, 0.0, 0.0)		0.3971192		0		NW
78		496160.7	497373.6	200	1		False		False		False		(0.0, 0.0, 0.0)		0.192348		0		SW
79		500170.8	501286.9	160	1		False		False		True		(0.0, 0.0, 0.0)		0.4368547		0		NE
80		504184	505217.3	120	1		True		True		True		(0.0, 0.0, 0.0)		0.7645698		0		SW
81		508214.4	509045.6	120	1		True		True		True		(0.0, 0.0, 0.0)		0.6207621		0		NE
82		512240.7	513292.8	160	1		True		True		True		(0.0, 0.0, 0.0)		0.45764		0		SW
83		524298	525201.6	160	1		True		True		True		(0.0, 0.0, 0.0)		2.534568		0		NW
84		528314.2	529301.1	200	1		True		True		True		(0.0, 0.0, 0.0)		0.4410979		0		NW
85		532328.5	534139.3	200	1		True		True		True		(0.0, 0.0, 0.0)		0.3822527		0		SE
86		536338.3	537478.6	240	1		True		True		True		(0.0, 0.0, 0.0)		0.3596749		0		NW
87		540362.7	541344.7	240	1		False		False		False		(0.0, 0.0, 0.0)		0.4122191		0		SE
88		544383.1	546682.2	200	1		False		False		False		(0.0, 0.0, 0.0)		0.5264315		0		NW
89		548398.8	550054.5	160	1		True		True		True		(0.0, 0.0, 0.0)		0.4333104		0		NE
90		552671.6	554506.7	160	1		True		True		True		(0.0, 0.0, 0.0)		0.2689849		0		SE
91		556694.2	557856.4	200	1		False		False		True		(0.0, 0.0, 0.0)		0.5195099		0		NE
92		564737.4	565936.4	160	1		True		True		True		(0.0, 0.0, 0.0)		0.8304144		0		NW
93		568771.8	570025	160	1		True		True		True		(0.0, 0.0, 0.0)		0.4170845		0		NW
94		572798.4	574436.1	200	1		False		False		True		(0.0, 0.0, 0.0)		0.6490545		0		NE
95		589038.6	590182.3	160	1		False		True		False		(0.0, 0.0, 0.0)		0.06418552		0		SW
96		593068.8	594024.3	160	1		True		True		True		(0.0, 0.0, 0.0)		0.3392185		0		SE
97		601102.2	602105.6	200	1		False		False		True		(0.0, 0.0, 0.0)		0.6940233		0		NE
98		605117.3	606338.9	160	1		False		True		False		(0.0, 0.0, 0.0)		0.512041		0		NE
99		609131.9	610062.8	160	1		True		True		True		(0.0, 0.0, 0.0)		0.5086932		0		SE
100		613139.4	614406.6	200	1		True		True		True		(0.0, 0.0, 0.0)		0.03627934		0		NE
101		617169	618242.6	200	1		True		True		True		(0.0, 0.0, 0.0)		0.6706668		0		SE
102		621186.9	622309.1	240	1		True		True		True		(0.0, 0.0, 0.0)		0.3276761		0		NW
103		633243.6	634030.1	240	1		False		False		True		(0.0, 0.0, 0.0)		0.4222433		0		SW
104		637270	638004.1	200	1		True		True		True		(0.0, 0.0, 0.0)		0.663469		0		NW
105		641298.5	643254.1	200	1		True		True		True		(0.0, 0.0, 0.0)		0.9961999		0		SE
106		645319.1	646524.8	240	1		False		True		False		(0.0, 0.0, 0.0)		0.1957472		0		NE
107		649330.9	650327.2	240	1		False		False		True		(0.0, 0.0, 0.0)		3.616497		0		SE
108		653349.9	654252.1	200	1		True		True		True		(0.0, 0.0, 0.0)		0.3077679		0		NW
109		657375.4	658273.1	200	1		False		False		True		(0.0, 0.0, 0.0)		0.344851		0		SE
110		669112.6	670077.4	160	1		True		True		True		(0.0, 0.0, 0.0)		0.3229784		0		SW
111		680286.9	682391.3	160	1		False		True		False		(0.0, 0.0, 0.0)		0.2238303		0		SW
112		684307.1	685194.1	200	1		False		True		False		(0.0, 0.0, 0.0)		0.2645626		0		SW
113		688343.4	689324.8	200	1		False		False		False		(0.0, 0.0, 0.0)		0.276976		0		NW
114		692368	693134.6	160	1		True		True		True		(0.0, 0.0, 0.0)		0.126073		0		NE
115		696377.1	697067.9	160	1		True		True		True		(0.0, 0.0, 0.0)		0.4726264		0		NW
116		700394.9	701442.9	200	1		True		True		True		(0.0, 0.0, 0.0)		0.08373789		0		NE
117		704407	705644	200	1		False		True		False		(0.0, 0.0, 0.0)		0.6743944		0		NE
118		708428.5	709222.9	240	1		False		True		False		(0.0, 0.0, 0.0)		0.3468235		0		NW
119		712442.1	713459.8	240	1		False		False		False		(0.0, 0.0, 0.0)		0.05598705		0		SE
120		716459.6	717448.9	200	1		False		False		False		(0.0, 0.0, 0.0)		0.05776764		0		SW
121		720487.9	721494.9	160	1		True		True		True		(0.0, 0.0, 0.0)		0.2994131		0		SW
122		724506.7	725310.6	160	1		True		True		True		(0.0, 0.0, 0.0)		1.280132		0		NW
123		728518.8	729363	200	1		True		True		True		(0.0, 0.0, 0.0)		0.249136		0		NE
124		732541.7	733352.4	200	1		True		True		True		(0.0, 0.0, 0.0)		0.08250572		0		NW
125		736571.5	738430.3	240	1		False		False		True		(0.0, 0.0, 0.0)		0.3440788		0		NE
126		740590.6	742024.9	200	1		False		True		False		(0.0, 0.0, 0.0)		0.1283561		0		SW
127		744604.6	746591	200	1		True		True		True		(0.0, 0.0, 0.0)		0.2939423		0		SE
128		748622.5	749905.9	240	1		False		True		False		(0.0, 0.0, 0.0)		0.4023355		0		SW
129		752637.9	753699.6	240	1		True		True		True		(0.0, 0.0, 0.0)		0.1222407		0		NE
130		756644.4	758450.2	280	1		False		True		False		(0.0, 0.0, 0.0)		0.0617394		0		SE
131		760665.5	761578.1	280	1		False		False		True		(0.0, 0.0, 0.0)		1.974664		0		NW
132		764684.5	765642.3	240	1		False		True		False		(0.0, 0.0, 0.0)		1.851276		0		NW
133		772720.8	773728.9	240	1		False		False		True		(0.0, 0.0, 0.0)		0.1994969		0		SW
134		776753.3	777863.2	200	1		False		False		False		(0.0, 0.0, 0.0)		0.387096		0		SW
135		780775.6	781691.8	160	1		True		True		True		(0.0, 0.0, 0.0)		0.3783911		0		NW
136		784794.9	785594	160	1		True		True		True		(0.0, 0.0, 0.0)		0.449845		0		NE
137		788807.4	789864.3	200	1		False		True		False		(0.0, 0.0, 0.0)		0.4693068		0		NE
138		792825.3	793692	200	1		False		False		True		(0.0, 0.0, 0.0)		0.1917689		0		SW
139		800858.7	801643.2	160	1		True		True		True		(0.0, 0.0, 0.0)		0.2524321		0		NE
140		804869.4	805952.4	160	1		True		True		True		(0.0, 0.0, 0.0)		0.4138402		0		NE
141		808889.4	809912.3	200	1		True		True		True		(0.0, 0.0, 0.0)		3.052181		0		NW
142		812896.2	813639.8	200	1		False		True		False		(0.0, 0.0, 0.0)		0.08683868		0		NW
143		820940.6	821824.2	240	1		False		False		True		(0.0, 0.0, 0.0)		0.418747		0		SE
144		833053.1	834041.1	200	1		False		False		False		(0.0, 0.0, 0.0)		0.4944101		0		SW
145		837079.4	837861.5	160	1		False		False		False		(0.0, 0.0, 0.0)		0.3839605		0		SW
146		841108.8	841775.8	120	1		True		True		True		(0.0, 0.0, 0.0)		0.6943536		0		NE
147		845121.3	845865.4	120	1		True		True		True		(0.0, 0.0, 0.0)		0.2670656		0		NE
148		849130.9	849867.3	160	1		True		True		True		(0.0, 0.0, 0.0)		0.2615173		0		NE
149		853159.4	854098.8	160	1		True		True		True		(0.0, 0.0, 0.0)		0.2699903		0		NE
150		857185.1	858501.4	200	1		False		True		False		(0.0, 0.0, 0.0)		1.972466		0		SE
151		861208.6	862196.2	200	1		False		False		False		(0.0, 0.0, 0.0)		3.487018		0		SW
152		865236.9	866068.9	160	1		True		True		True		(0.0, 0.0, 0.0)		0.2873907		0		NE
153		869263.1	871372.2	160	1		False		False		False		(0.0, 0.0, 0.0)		0.4019107		0		NW
154		873281.2	874421.7	120	1		True		True		True		(0.0, 0.0, 0.0)		3.055612		0		SW
155		877299.4	878320.7	120	1		True		True		True		(0.0, 0.0, 0.0)		0.1286476		0		NW
156		881329.5	882695.6	160	1		True		True		True		(0.0, 0.0, 0.0)		0.1404004		0		SW
157		885353.5	886531	160	1		True		True		True		(0.0, 0.0, 0.0)		0.4285392		0		SE
158		889371.5	890606.9	200	1		True		True		True		(0.0, 0.0, 0.0)		0.1718079		0		NE
159		893392.7	894481.8	200	1		True		True		True		(0.0, 0.0, 0.0)		0.2966382		0		NW
160		897413.9	898548.2	240	1		True		True		True		(0.0, 0.0, 0.0)		0.1737433		0		NE
161		901435.1	902514.3	240	1		False		True		False		(0.0, 0.0, 0.0)		0.2872724		0		SW
162		905453.9	906517.4	280	1		False		False		True		(0.0, 0.0, 0.0)		0.6424767		0		NE
163		909478.1	910377.9	240	1		False		False		True		(0.0, 0.0, 0.0)		0.1564957		0		SE
164		913501	914294.9	200	1		False		False		True		(0.0, 0.0, 0.0)		0.2316831		0		SE
165		917528.7	918327.9	160	1		False		False		False		(0.0, 0.0, 0.0)		0.5441816		0		SW
166		921548.6	922235.7	120	1		True		True		True		(0.0, 0.0, 0.0)		0.6812661		0		NE
167		925562.4	927171.3	120	1		False		False		False		(0.0, 0.0, 0.0)		1.481126		0		NW
168		929580.3	930568.8	80	1		False		False		False		(0.0, 0.0, 0.0)		0.3283146		0		NW
169		933598.1	934414.8	40	1		True		True		True		(0.0, 0.0, 0.0)		2.231863		0		NW
170		937615.1	938616.9	40	1		True		True		True		(0.0, 0.0, 0.0)		0.2659515		0		NW
171		941641.1	942568.7	80	1		False		False		False		(0.0, 0.0, 0.0)		0.4016567		0		SW
172		945663.1	946508.6	40	1		True		True		True		(0.0, 0.0, 0.0)		0.2995267		0		NW
173		949680.8	950406.9	40	1		True		True		True		(0.0, 0.0, 0.0)		0.4684232		0		NE
174		953706.3	954667.3	80	1		True		True		True		(0.0, 0.0, 0.0)		0.4173932		0		SE
175		957728.8	958765.1	80	1		True		True		True		(0.0, 0.0, 0.0)		0.1373068		0		SE
176		961741.1	962691.4	120	1		True		True		True		(0.0, 0.0, 0.0)		0.615664		0		SW
177		969778.4	970700.8	120	1		True		True		True		(0.0, 0.0, 0.0)		2.015248		0		NW
178		973793.5	974738.8	160	1		True		True		True		(0.0, 0.0, 0.0)		0.4422323		0		NW
179		985831.4	986820	160	1		True		True		True		(0.0, 0.0, 0.0)		0.2303465		0		NE
180		989875.8	990998.8	200	1		True		True		True		(0.0, 0.0, 0.0)		0.1758184		0		SE
181		993908.3	995228.9	200	1		False		True		False		(0.0, 0.0, 0.0)		0.4674922		0		NE
182		997925.8	998945.1	240	1		True		True		True		(0.0, 0.0, 0.0)		0.3825006		0		NE
183		1001938	1002960	240	1		False		False		True		(0.0, 0.0, 0.0)		1.844208		0		NE
184		1005959	1006886	200	1		False		False		True		(0.0, 0.0, 0.0)		0.4256077		0		NE
185		1014007	1014907	160	1		True		True		True		(0.0, 0.0, 0.0)		0.1675145		0		SE
186		1018020	1018882	160	1		True		True		True		(0.0, 0.0, 0.0)		0.4294692		0		SE
187		1022049	1022952	200	1		True		True		True		(0.0, 0.0, 0.0)		1.136063		0		SE
188		1026065	1026970	200	1		True		True		True		(0.0, 0.0, 0.0)		0.2119598		0		SE
189		1030074	1031070	240	1		False		False		False		(0.0, 0.0, 0.0)		0.4932121		0		NW
190		1034093	1035039	200	1		True		True		True		(0.0, 0.0, 0.0)		0.4680184		0		SE
191		1038112	1039008	200	1		True		True		True		(0.0, 0.0, 0.0)		0.4136268		0		NE
192		1042130	1042997	240	1		False		True		False		(0.0, 0.0, 0.0)		0.7180941		0		NW
193		1046143	1047127	240	1		False		True		False		(0.0, 0.0, 0.0)		0.2750319		0		NE
194		1063034	1063680	280	1		False		True		False		(0.0, 0.0, 0.0)		0.4180217		0		NW
195		1067052	1067823	280	1		False		False		True		(0.0, 0.0, 0.0)		0.4352508		0		SE
196		1071076	1071851	240	1		False		False		True		(0.0, 0.0, 0.0)		0.1398986		0		SE
197		1075092	1075918	200	1		False		False		True		(0.0, 0.0, 0.0)		0.2798148		0		SE
198		1083120	1084091	160	1		True		True		True		(0.0, 0.0, 0.0)		0.2916018		0		NW
199		1091163	1091704	160	1		True		True		True		(0.0, 0.0, 0.0)		0.07483007		0		NE
200		1099206	1099714	200	1		False		False		True		(0.0, 0.0, 0.0)		0.5805913		0		SE
