TrialNumber	StartTime	EndTime	CoherenceAngle	StaircaseNumber	CombinedResponse	CorrectVertical	CorrectHorizontal	GazeErrorHeadErrorStimulusDirection
0		66535.66	67571.72	0	1		True		True		True		(0.0, 0.0, 0.0)		1.028853		0		SW
1		71408.3	72280.94	0	1		True		True		True		(0.0, 0.0, 0.0)		1.747923		0		SE
2		77018.09	77789.13	40	1		True		True		True		(0.0, 0.0, 0.0)		1.114939		0		NE
3		91974.42	92647.79	40	1		True		True		True		(0.0, 0.0, 0.0)		2.219699		0		NE
4		98920.2	99723.61	80	1		True		True		True		(0.0, 0.0, 0.0)		1.89471		0		NW
5		103767	104513.9	80	1		True		True		True		(0.0, 0.0, 0.0)		1.059755		0		SW
6		107787.5	108727.6	120	1		True		True		True		(0.0, 0.0, 0.0)		1.50404		0		NE
7		112019.4	112774.8	120	1		True		True		True		(0.0, 0.0, 0.0)		1.321997		0		NW
8		120684.4	121338.2	160	1		True		True		True		(0.0, 0.0, 0.0)		1.135182		0		NE
9		125271	126300.9	160	1		False		False		True		(0.0, 0.0, 0.0)		1.373041		0		SE
10		134129.7	134888.1	120	1		True		True		True		(0.0, 0.0, 0.0)		1.674122		0		SW
11		138155.9	138860.7	120	1		True		True		True		(0.0, 0.0, 0.0)		1.364943		0		NW
12		142171.5	142926.1	160	1		True		True		True		(0.0, 0.0, 0.0)		2.297744		0		SE
13		146530.8	147267.7	160	1		True		True		True		(0.0, 0.0, 0.0)		2.256946		0		SE
14		155394.5	156261.6	200	1		False		False		True		(0.0, 0.0, 0.0)		1.575761		0		SW
15		159418.6	160399.2	160	1		False		False		True		(0.0, 0.0, 0.0)		2.778019		0		SE
16		163431.5	164127.7	120	1		True		True		True		(0.0, 0.0, 0.0)		1.935381		0		SW
17		167614.4	168336.7	120	1		True		True		True		(0.0, 0.0, 0.0)		2.656152		0		SW
18		172636.9	173469.4	160	1		True		True		True		(0.0, 0.0, 0.0)		1.434157		0		NE
19		176676.5	177476.4	160	1		True		True		True		(0.0, 0.0, 0.0)		1.896807		0		NW
20		180698.8	181474.9	200	1		False		False		True		(0.0, 0.0, 0.0)		1.813671		0		NW
21		184715	185443.2	160	1		True		True		True		(0.0, 0.0, 0.0)		1.402932		0		SW
22		189916.3	190698.1	160	1		False		False		True		(0.0, 0.0, 0.0)		1.799676		0		NE
23		197966.4	198875.9	120	1		True		True		True		(0.0, 0.0, 0.0)		1.172774		0		NW
24		211087.8	211824.3	120	1		True		True		True		(0.0, 0.0, 0.0)		1.890844		0		SE
25		215111.7	215922.2	160	1		False		False		True		(0.0, 0.0, 0.0)		1.618883		0		NE
26		219136.3	219879.6	120	1		True		True		True		(0.0, 0.0, 0.0)		1.332401		0		SW
27		223863.6	224523.1	120	1		True		True		True		(0.0, 0.0, 0.0)		1.364569		0		SE
28		228105.5	228893.2	160	1		True		True		True		(0.0, 0.0, 0.0)		1.625357		0		NE
29		232729.1	233508.4	160	1		True		True		True		(0.0, 0.0, 0.0)		0.9460549		0		NW
30		236755.4	237508.1	200	1		True		True		True		(0.0, 0.0, 0.0)		0.2683476		0		SE
31		240770.1	241672.2	200	1		True		True		True		(0.0, 0.0, 0.0)		1.66		0		SW
32		244797.4	245855.3	240	1		True		True		True		(0.0, 0.0, 0.0)		0.613439		0		NE
33		248820	249624.8	240	1		True		True		True		(0.0, 0.0, 0.0)		1.029147		0		SW
34		253637.5	254799.1	280	1		False		False		True		(0.0, 0.0, 0.0)		1.101873		0		NE
35		257909.3	258756.4	240	1		False		False		True		(0.0, 0.0, 0.0)		1.146013		0		SW
36		262518.9	263378.7	200	1		False		False		True		(0.0, 0.0, 0.0)		0.8777235		0		NW
37		267631.6	268329.7	160	1		True		True		True		(0.0, 0.0, 0.0)		1.715266		0		NE
38		273170.1	274241.7	160	1		True		True		True		(0.0, 0.0, 0.0)		1.536502		0		NE
39		277324.9	278103.2	200	1		True		True		True		(0.0, 0.0, 0.0)		1.972067		0		NW
40		281349.8	282458	200	1		True		True		True		(0.0, 0.0, 0.0)		0.5288854		0		SE
41		285362.6	286492.1	240	1		True		True		True		(0.0, 0.0, 0.0)		1.357884		0		NE
42		289946.2	290920.5	240	1		True		True		True		(0.0, 0.0, 0.0)		2.366336		0		SE
43		295056.1	296016.4	280	1		False		False		True		(0.0, 0.0, 0.0)		2.246458		0		SW
44		300886.5	301903.8	240	1		True		True		True		(0.0, 0.0, 0.0)		1.424531		0		SE
45		305768.1	306573.6	240	1		False		False		True		(0.0, 0.0, 0.0)		1.793671		0		NE
46		309785.6	310672	200	1		False		False		True		(0.0, 0.0, 0.0)		1.756136		0		SW
47		313802	314577.7	160	1		True		True		True		(0.0, 0.0, 0.0)		0.7621167		0		NW
48		321843.9	322573.3	160	1		True		True		True		(0.0, 0.0, 0.0)		1.377428		0		SE
49		330648.8	331388.8	200	1		True		True		True		(0.0, 0.0, 0.0)		1.290579		0		NW
50		334667.2	335513.5	200	1		True		True		True		(0.0, 0.0, 0.0)		0.4357212		0		NW
51		338683.6	339438.5	240	1		False		False		True		(0.0, 0.0, 0.0)		0.2990313		0		NE
52		347078.7	347948.5	200	1		True		True		True		(0.0, 0.0, 0.0)		0.8135987		0		NW
53		355196.5	356188.9	200	1		True		True		True		(0.0, 0.0, 0.0)		1.896306		0		NW
54		360772.8	361736.3	240	1		False		False		True		(0.0, 0.0, 0.0)		0.400519		0		SW
55		365390.4	366209.6	200	1		True		True		True		(0.0, 0.0, 0.0)		1.150844		0		SE
56		372095.8	372950.5	200	1		False		False		True		(0.0, 0.0, 0.0)		1.529059		0		NE
57		389284.7	390366.3	160	1		False		False		True		(0.0, 0.0, 0.0)		1.121043		0		SW
58		401350.2	402158.1	120	1		True		True		True		(0.0, 0.0, 0.0)		1.062458		0		NW
59		405364.8	406191.6	120	1		True		True		True		(0.0, 0.0, 0.0)		0.6835957		0		SE
60		409382	410321.1	160	1		True		True		True		(0.0, 0.0, 0.0)		0.7788245		0		SE
61		413408.2	414315.1	160	1		True		True		True		(0.0, 0.0, 0.0)		0.6998281		0		NW
62		417427.9	418341.3	200	1		True		True		True		(0.0, 0.0, 0.0)		0.8424479		0		SE
63		422307.8	423056.3	200	1		True		True		True		(0.0, 0.0, 0.0)		1.337496		0		SE
64		426324.9	427186.4	240	1		False		False		True		(0.0, 0.0, 0.0)		0.3350709		0		NW
65		430990	431891.1	200	1		True		True		True		(0.0, 0.0, 0.0)		0.8192718		0		NE
66		434997.5	435862.8	200	1		True		True		True		(0.0, 0.0, 0.0)		0.2198386		0		SW
67		439013.6	439903.8	240	1		False		False		True		(0.0, 0.0, 0.0)		0.6510662		0		NE
68		458207.9	458940.9	200	1		False		False		False		(0.0, 0.0, 0.0)		0.877203		0		NW
69		469086.3	469789.7	160	1		True		True		True		(0.0, 0.0, 0.0)		1.194026		0		SW
70		477120	477882.2	160	1		True		True		True		(0.0, 0.0, 0.0)		1.02967		0		NW
71		485377.3	486095.7	200	1		True		True		True		(0.0, 0.0, 0.0)		0.7412106		0		SW
72		489398.5	490533.8	200	1		False		False		True		(0.0, 0.0, 0.0)		0.4937635		0		SW
73		493885.5	494712.8	160	1		False		False		True		(0.0, 0.0, 0.0)		0.4415344		0		NE
74		497892.2	498833.6	120	1		True		True		True		(0.0, 0.0, 0.0)		2.120852		0		NW
75		501915.2	502780.9	120	1		True		True		True		(0.0, 0.0, 0.0)		1.207383		0		SE
76		505940.4	506750.1	160	1		False		False		True		(0.0, 0.0, 0.0)		1.72742		0		NE
77		509965.5	510927.8	120	1		False		False		True		(0.0, 0.0, 0.0)		1.38975		0		NW
78		513988.6	514791.5	80	1		True		True		True		(0.0, 0.0, 0.0)		0.2070123		0		SW
79		517998.5	518736.5	80	1		True		True		True		(0.0, 0.0, 0.0)		1.473142		0		SE
80		522864.9	523645.3	120	1		True		True		True		(0.0, 0.0, 0.0)		1.616118		0		SW
81		530299.3	530993.1	120	1		True		True		True		(0.0, 0.0, 0.0)		0.2885307		0		SW
82		534305.1	535100.6	160	1		False		False		True		(0.0, 0.0, 0.0)		1.289907		0		NW
83		538330.9	539050.1	120	1		True		True		True		(0.0, 0.0, 0.0)		1.050921		0		SW
84		542780.3	543583.9	120	1		True		True		True		(0.0, 0.0, 0.0)		0.8647345		0		SE
85		546876.5	547898.8	160	1		True		True		True		(0.0, 0.0, 0.0)		1.499322		0		NE
86		550896.6	551653.8	160	1		True		True		True		(0.0, 0.0, 0.0)		1.177909		0		SE
87		554922.3	555764.1	200	1		True		True		True		(0.0, 0.0, 0.0)		0.8848144		0		NE
88		558948.3	559780.3	200	1		True		True		True		(0.0, 0.0, 0.0)		0.9093993		0		NW
89		562970.8	563966.3	240	1		True		True		True		(0.0, 0.0, 0.0)		0.5027186		0		SW
90		567400.4	568274.8	240	1		False		False		True		(0.0, 0.0, 0.0)		0.6931555		0		SE
91		572770.6	573702.7	200	1		True		True		True		(0.0, 0.0, 0.0)		1.348974		0		SE
92		577096.4	578002.7	200	1		False		False		True		(0.0, 0.0, 0.0)		1.646398		0		NW
93		581638.9	582388.2	160	1		True		True		True		(0.0, 0.0, 0.0)		1.081555		0		NW
94		585668.1	586470.8	160	1		True		True		True		(0.0, 0.0, 0.0)		1.57926		0		NW
95		592141.6	592984.2	200	1		True		True		True		(0.0, 0.0, 0.0)		1.41745		0		SW
96		596570.6	597519.8	200	1		False		False		True		(0.0, 0.0, 0.0)		0.9226822		0		SW
97		600592.8	601505	160	1		True		True		True		(0.0, 0.0, 0.0)		1.729526		0		NW
98		604606.4	605452.3	160	1		True		True		True		(0.0, 0.0, 0.0)		1.07396		0		SW
99		608636.4	609568.9	200	1		True		True		True		(0.0, 0.0, 0.0)		1.771206		0		NE
100		612646.9	613560.3	200	1		False		False		True		(0.0, 0.0, 0.0)		0.8812392		0		NE
101		621886.4	622556.9	160	1		True		True		True		(0.0, 0.0, 0.0)		1.752611		0		SE
102		625913.1	626789.6	160	1		False		False		True		(0.0, 0.0, 0.0)		0.9372239		0		NW
103		630186.9	630960.7	120	1		True		True		True		(0.0, 0.0, 0.0)		1.478593		0		NW
104		642260.9	643066.5	120	1		True		True		True		(0.0, 0.0, 0.0)		1.877227		0		SE
105		648394.8	649304.4	160	1		False		False		True		(0.0, 0.0, 0.0)		0.552088		0		SW
106		652747.4	653558	120	1		True		True		True		(0.0, 0.0, 0.0)		1.264325		0		NE
107		657844	658570.1	120	1		True		True		True		(0.0, 0.0, 0.0)		0.36338		0		SE
108		663209.6	663993.8	160	1		True		True		True		(0.0, 0.0, 0.0)		1.224032		0		SE
109		667677	668492.4	160	1		False		False		True		(0.0, 0.0, 0.0)		0.9926779		0		SW
110		672338.9	673678.4	120	1		True		True		True		(0.0, 0.0, 0.0)		0.6280868		0		SW
111		677683.1	678490	120	1		True		True		True		(0.0, 0.0, 0.0)		1.165904		0		SW
112		683241.7	683932.4	160	1		True		True		True		(0.0, 0.0, 0.0)		1.072501		0		NW
113		687258.9	688142.5	160	1		True		True		True		(0.0, 0.0, 0.0)		1.652839		0		NE
114		691277.4	692148.9	200	1		True		True		True		(0.0, 0.0, 0.0)		1.162294		0		SE
115		696565.4	697396.1	200	1		True		True		True		(0.0, 0.0, 0.0)		2.348404		0		NW
116		701114.1	702114	240	1		True		True		True		(0.0, 0.0, 0.0)		0.7355214		0		SE
117		705731.6	706791.2	240	1		False		False		True		(0.0, 0.0, 0.0)		1.307151		0		NW
118		711803.5	712537.6	200	1		True		True		True		(0.0, 0.0, 0.0)		1.293111		0		SE
119		715821.6	716626.6	200	1		False		False		True		(0.0, 0.0, 0.0)		1.397119		0		SE
120		719846.7	720676.5	160	1		True		True		True		(0.0, 0.0, 0.0)		0.7459988		0		NW
121		723868.9	724711.4	160	1		True		True		True		(0.0, 0.0, 0.0)		1.661621		0		NE
122		727887	729040.4	200	1		True		True		True		(0.0, 0.0, 0.0)		2.224696		0		SE
123		737027.6	737780.6	200	1		False		False		True		(0.0, 0.0, 0.0)		1.047022		0		NW
124		745061.1	745964.4	160	1		True		True		True		(0.0, 0.0, 0.0)		1.725593		0		SE
125		749076.3	749981.3	160	1		True		True		True		(0.0, 0.0, 0.0)		0.9944467		0		SW
126		753091.2	753924.8	200	1		True		True		True		(0.0, 0.0, 0.0)		1.853963		0		NW
127		757109	757821.6	200	1		True		True		True		(0.0, 0.0, 0.0)		1.193167		0		SE
128		761120.3	762037.2	240	1		True		True		True		(0.0, 0.0, 0.0)		0.8908439		0		NE
129		766070.8	766844.5	240	1		True		True		True		(0.0, 0.0, 0.0)		1.175143		0		SE
130		770517.5	771292.6	280	1		False		False		True		(0.0, 0.0, 0.0)		2.128323		0		NE
131		778601.3	779300.9	240	1		True		True		True		(0.0, 0.0, 0.0)		1.539502		0		NE
132		782620.1	783386.3	240	1		True		True		True		(0.0, 0.0, 0.0)		1.258416		0		SW
133		791305.4	792225.6	280	1		True		True		True		(0.0, 0.0, 0.0)		1.259105		0		NW
134		795617.8	796404.3	280	1		False		False		True		(0.0, 0.0, 0.0)		0.8524284		0		NE
135		799645.1	800375.2	240	1		False		False		True		(0.0, 0.0, 0.0)		0.7401895		0		NW
136		803665.6	804464.9	200	1		False		False		True		(0.0, 0.0, 0.0)		2.238949		0		NW
137		808408.6	809058.2	160	1		True		True		True		(0.0, 0.0, 0.0)		2.016637		0		NE
138		827318	829011.6	160	1		True		True		True		(0.0, 0.0, 0.0)		1.702236		0		SE
139		833659.4	834642.9	200	1		True		True		True		(0.0, 0.0, 0.0)		0.3992844		0		NE
140		838032.9	839012.2	200	1		False		False		True		(0.0, 0.0, 0.0)		0.2301523		0		SW
141		842057.4	842772.1	160	1		True		True		True		(0.0, 0.0, 0.0)		1.510108		0		SE
142		846072.8	846763.6	160	1		True		True		True		(0.0, 0.0, 0.0)		1.24269		0		NE
143		850299.9	851149.4	200	1		True		True		True		(0.0, 0.0, 0.0)		1.228341		0		SE
144		855932.9	856678.8	200	1		True		True		True		(0.0, 0.0, 0.0)		1.483564		0		NW
145		859957.7	860805.6	240	1		True		True		True		(0.0, 0.0, 0.0)		1.108393		0		SE
146		863967.4	865121.5	240	1		True		True		True		(0.0, 0.0, 0.0)		1.143353		0		NW
147		867971.9	868992	280	1		False		False		True		(0.0, 0.0, 0.0)		1.888102		0		NE
148		872274.8	873022.9	240	1		True		True		True		(0.0, 0.0, 0.0)		1.924746		0		SE
149		880297.6	881287.8	240	1		False		False		True		(0.0, 0.0, 0.0)		0.9405201		0		NE
150		884328.2	885100.4	200	1		False		False		True		(0.0, 0.0, 0.0)		0.891794		0		NE
151		888603.9	889310.6	160	1		False		False		True		(0.0, 0.0, 0.0)		0.6684151		0		NE
152		892619.4	893615.9	120	1		True		True		True		(0.0, 0.0, 0.0)		1.290681		0		NE
153		896949.9	897640.3	120	1		True		True		True		(0.0, 0.0, 0.0)		0.490798		0		SE
154		901400.3	902190.8	160	1		True		True		True		(0.0, 0.0, 0.0)		1.515427		0		NW
155		905854.9	906834.2	160	1		True		True		True		(0.0, 0.0, 0.0)		1.248845		0		NE
156		909873.5	910648.8	200	1		True		True		True		(0.0, 0.0, 0.0)		0.658919		0		NW
157		914135	914858.3	200	1		False		False		True		(0.0, 0.0, 0.0)		1.153126		0		NE
158		918146	918844.4	160	1		True		True		True		(0.0, 0.0, 0.0)		0.8215827		0		NW
159		922171.4	923056.4	160	1		True		True		True		(0.0, 0.0, 0.0)		0.9574323		0		SE
160		926188.1	927150.6	200	1		True		True		True		(0.0, 0.0, 0.0)		1.193895		0		SE
161		930200.1	930900.8	200	1		True		True		True		(0.0, 0.0, 0.0)		1.227972		0		NW
162		934220.6	934998.3	240	1		True		True		True		(0.0, 0.0, 0.0)		0.4633761		0		NW
163		938835.6	939652.5	240	1		False		False		True		(0.0, 0.0, 0.0)		1.550487		0		SE
164		943813.3	944656.9	200	1		True		True		True		(0.0, 0.0, 0.0)		0.9549628		0		SW
165		948025.3	948910.7	200	1		True		True		True		(0.0, 0.0, 0.0)		1.480668		0		NW
166		952037.9	952938.5	240	1		False		False		True		(0.0, 0.0, 0.0)		1.037763		0		SE
167		956063.7	957214.8	200	1		True		True		True		(0.0, 0.0, 0.0)		1.095654		0		SE
168		960073	961002.3	200	1		True		True		True		(0.0, 0.0, 0.0)		0.8798903		0		NW
169		964090.9	965092.3	240	1		True		True		True		(0.0, 0.0, 0.0)		1.201291		0		NE
170		968381.4	969204.3	240	1		True		True		True		(0.0, 0.0, 0.0)		1.161327		0		SE
171		972406.8	973237.6	280	1		True		True		True		(0.0, 0.0, 0.0)		0.4193361		0		NE
172		976723.8	977515.9	280	1		False		False		True		(0.0, 0.0, 0.0)		1.192505		0		NE
173		980925.6	982024	240	1		True		True		True		(0.0, 0.0, 0.0)		0.7389281		0		NW
174		984940.1	985880.9	240	1		True		True		True		(0.0, 0.0, 0.0)		1.202162		0		SE
175		988957.3	990043	280	1		False		False		True		(0.0, 0.0, 0.0)		2.337204		0		SW
176		992973.4	993759.6	240	1		False		False		True		(0.0, 0.0, 0.0)		2.381319		0		SW
177		997932.4	998712.4	200	1		True		True		True		(0.0, 0.0, 0.0)		1.681048		0		SW
178		1002777	1003612	200	1		False		False		True		(0.0, 0.0, 0.0)		1.831357		0		NE
179		1007480	1008205	160	1		True		True		True		(0.0, 0.0, 0.0)		1.10926		0		SW
180		1020432	1021279	160	1		True		True		True		(0.0, 0.0, 0.0)		2.532051		0		SE
181		1024921	1025704	200	1		True		True		True		(0.0, 0.0, 0.0)		2.138598		0		SE
182		1029397	1030378	200	1		False		False		True		(0.0, 0.0, 0.0)		1.642367		0		SW
183		1039711	1040451	160	1		True		True		True		(0.0, 0.0, 0.0)		1.02078		0		SW
184		1043742	1044465	160	1		True		True		True		(0.0, 0.0, 0.0)		1.127113		0		NW
185		1048845	1049749	200	1		True		True		True		(0.0, 0.0, 0.0)		1.051062		0		SW
186		1052864	1053826	200	1		False		False		True		(0.0, 0.0, 0.0)		0.8231631		0		NE
187		1056886	1057845	160	1		True		True		True		(0.0, 0.0, 0.0)		0.9810734		0		SW
188		1060908	1061855	160	1		False		False		True		(0.0, 0.0, 0.0)		1.98592		0		SW
189		1070450	1071254	120	1		True		True		True		(0.0, 0.0, 0.0)		1.38299		0		SW
190		1075769	1076502	120	1		True		True		True		(0.0, 0.0, 0.0)		1.443896		0		SW
191		1088255	1089035	160	1		True		True		True		(0.0, 0.0, 0.0)		1.353906		0		SW
192		1092990	1093792	160	1		True		True		True		(0.0, 0.0, 0.0)		2.276809		0		SW
193		1097459	1098393	200	1		True		True		True		(0.0, 0.0, 0.0)		1.050239		0		SW
194		1102015	1102951	200	1		False		False		True		(0.0, 0.0, 0.0)		1.697109		0		NW
195		1106558	1107300	160	1		True		True		True		(0.0, 0.0, 0.0)		0.46178		0		NW
196		1110583	1111411	160	1		False		False		True		(0.0, 0.0, 0.0)		1.958212		0		SW
197		1115155	1116002	120	1		True		True		True		(0.0, 0.0, 0.0)		0.583034		0		SE
198		1119174	1119897	120	1		True		True		True		(0.0, 0.0, 0.0)		1.369541		0		NW
199		1123185	1123883	160	1		True		True		True		(0.0, 0.0, 0.0)		1.832814		0		SE
200		1127214	1127958	160	1		True		True		True		(0.0, 0.0, 0.0)		1.97014		0		SW
201		1131237	1132198	200	1		True		True		True		(0.0, 0.0, 0.0)		1.981109		0		NW
202		1135737	1136364	200	1		True		True		True		(0.0, 0.0, 0.0)		0.8304511		0		SE
203		1143774	1144544	240	1		False		False		True		(0.0, 0.0, 0.0)		1.532319		0		NW
204		1149533	1150448	200	1		False		False		True		(0.0, 0.0, 0.0)		1.643115		0		SW
205		1155566	1156298	160	1		True		True		True		(0.0, 0.0, 0.0)		1.596436		0		NW
206		1160010	1160696	160	1		True		True		True		(0.0, 0.0, 0.0)		2.303162		0		NW
207		1168244	1168950	200	1		True		True		True		(0.0, 0.0, 0.0)		0.5323539		0		NW
208		1172271	1172993	200	1		True		True		True		(0.0, 0.0, 0.0)		0.6544567		0		NW
209		1176301	1177135	240	1		True		True		True		(0.0, 0.0, 0.0)		1.225347		0		SE
210		1180313	1181353	240	1		True		True		True		(0.0, 0.0, 0.0)		1.778244		0		SW
211		1184328	1185118	280	1		True		True		True		(0.0, 0.0, 0.0)		1.327933		0		SE
212		1188344	1189104	280	1		False		False		True		(0.0, 0.0, 0.0)		0.5795339		0		NW
213		1196376	1197219	240	1		False		False		True		(0.0, 0.0, 0.0)		1.395462		0		NE
214		1202125	1202819	200	1		True		True		True		(0.0, 0.0, 0.0)		1.359519		0		NE
215		1206506	1207375	200	1		False		False		True		(0.0, 0.0, 0.0)		1.666518		0		NW
216		1218570	1219348	160	1		True		True		True		(0.0, 0.0, 0.0)		0.9011744		0		NW
217		1226640	1227390	160	1		True		True		True		(0.0, 0.0, 0.0)		0.7790459		0		SW
218		1231012	1231660	200	1		True		True		True		(0.0, 0.0, 0.0)		1.170973		0		SE
219		1239251	1240009	200	1		False		False		True		(0.0, 0.0, 0.0)		0.7600424		0		NE
220		1243383	1244091	160	1		True		True		True		(0.0, 0.0, 0.0)		0.7382084		0		SE
221		1251422	1252116	160	1		True		True		True		(0.0, 0.0, 0.0)		1.546903		0		NW
222		1255971	1256911	200	1		False		False		True		(0.0, 0.0, 0.0)		1.203818		0		NE
223		1259986	1261070	160	1		False		False		True		(0.0, 0.0, 0.0)		1.376415		0		SW
224		1266852	1267616	120	1		True		True		True		(0.0, 0.0, 0.0)		0.9654394		0		SW
225		1270866	1271586	120	1		True		True		True		(0.0, 0.0, 0.0)		0.8110361		0		NW
226		1274907	1275693	160	1		False		False		True		(0.0, 0.0, 0.0)		1.205646		0		NW
227		1278918	1279581	120	1		True		True		True		(0.0, 0.0, 0.0)		2.182777		0		SW
228		1282942	1283736	120	1		True		True		True		(0.0, 0.0, 0.0)		0.08657423		0		SW
229		1286964	1287877	160	1		True		True		True		(0.0, 0.0, 0.0)		1.591316		0		NE
230		1291141	1291940	160	1		True		True		True		(0.0, 0.0, 0.0)		0.5183108		0		NE
231		1295158	1296228	200	1		False		False		True		(0.0, 0.0, 0.0)		2.15239		0		NW
232		1299179	1299867	160	1		True		True		True		(0.0, 0.0, 0.0)		2.591246		0		SW
233		1304848	1305625	160	1		True		True		True		(0.0, 0.0, 0.0)		1.407647		0		SW
234		1308869	1309722	200	1		False		False		True		(0.0, 0.0, 0.0)		1.322646		0		SW
235		1312892	1313546	160	1		False		False		True		(0.0, 0.0, 0.0)		1.488429		0		NE
236		1317254	1317889	120	1		True		True		True		(0.0, 0.0, 0.0)		1.113015		0		SW
237		1321275	1322000	120	1		True		True		True		(0.0, 0.0, 0.0)		0.6734736		0		NW
238		1332141	1332901	160	1		True		True		True		(0.0, 0.0, 0.0)		1.534448		0		NW
239		1336156	1336807	160	1		True		True		True		(0.0, 0.0, 0.0)		2.49829		0		SW
240		1340448	1341197	200	1		True		True		True		(0.0, 0.0, 0.0)		1.287862		0		SW
241		1344468	1345409	200	1		False		False		True		(0.0, 0.0, 0.0)		1.479246		0		SW
242		1353346	1354090	160	1		True		True		True		(0.0, 0.0, 0.0)		1.31056		0		SE
243		1358894	1359599	160	1		True		True		True		(0.0, 0.0, 0.0)		1.435427		0		NW
244		1363289	1364191	200	1		True		True		True		(0.0, 0.0, 0.0)		1.923608		0		SW
245		1367302	1368065	200	1		True		True		True		(0.0, 0.0, 0.0)		1.658532		0		SE
246		1371683	1372495	240	1		False		False		True		(0.0, 0.0, 0.0)		1.577414		0		NW
247		1376151	1377076	200	1		True		True		True		(0.0, 0.0, 0.0)		1.956075		0		NE
248		1380517	1381404	200	1		False		False		True		(0.0, 0.0, 0.0)		1.221315		0		NE
249		1385127	1385881	160	1		False		False		True		(0.0, 0.0, 0.0)		1.633043		0		NE
250		1389412	1390117	120	1		True		True		True		(0.0, 0.0, 0.0)		1.440578		0		NW
251		1393423	1394144	120	1		True		True		True		(0.0, 0.0, 0.0)		1.216347		0		NE
252		1397655	1398565	160	1		True		True		True		(0.0, 0.0, 0.0)		1.468652		0		NW
253		1403243	1403923	160	1		True		True		True		(0.0, 0.0, 0.0)		2.03773		0		NE
254		1407907	1408920	200	1		True		True		True		(0.0, 0.0, 0.0)		1.143847		0		SW
255		1415951	1416620	200	1		True		True		True		(0.0, 0.0, 0.0)		1.445952		0		NE
256		1419987	1420798	240	1		False		False		True		(0.0, 0.0, 0.0)		1.365535		0		NW
257		1424252	1424960	200	1		True		True		True		(0.0, 0.0, 0.0)		1.189573		0		SW
258		1429265	1430017	200	1		True		True		True		(0.0, 0.0, 0.0)		1.356083		0		SE
259		1435988	1436947	240	1		True		True		True		(0.0, 0.0, 0.0)		1.324046		0		NW
260		1440037	1441072	240	1		True		True		True		(0.0, 0.0, 0.0)		1.530903		0		SW
261		1444427	1445379	280	1		True		True		True		(0.0, 0.0, 0.0)		1.15439		0		NW
262		1448961	1450036	280	1		False		False		True		(0.0, 0.0, 0.0)		1.982648		0		NW
263		1453884	1454614	240	1		False		False		True		(0.0, 0.0, 0.0)		1.057257		0		NE
264		1460228	1460951	200	1		True		True		True		(0.0, 0.0, 0.0)		1.430753		0		NE
265		1464662	1465565	200	1		True		True		True		(0.0, 0.0, 0.0)		1.525331		0		SE
266		1470596	1471491	240	1		True		True		True		(0.0, 0.0, 0.0)		1.434353		0		NW
267		1474621	1475475	240	1		True		True		True		(0.0, 0.0, 0.0)		0.6705574		0		SE
268		1478645	1479553	280	1		True		True		True		(0.0, 0.0, 0.0)		1.387216		0		SW
269		1482668	1483395	280	1		False		False		True		(0.0, 0.0, 0.0)		1.613633		0		SE
270		1487126	1487873	240	1		True		True		True		(0.0, 0.0, 0.0)		1.56292		0		SW
271		1491144	1491891	240	1		True		True		True		(0.0, 0.0, 0.0)		1.397846		0		NW
272		1495167	1496176	280	1		False		False		True		(0.0, 0.0, 0.0)		1.793407		0		SE
273		1499191	1499967	240	1		False		False		True		(0.0, 0.0, 0.0)		2.477535		0		SE
274		1503216	1504085	200	1		False		False		True		(0.0, 0.0, 0.0)		1.757235		0		SE
275		1507231	1508694	160	1		False		False		True		(0.0, 0.0, 0.0)		1.406035		0		SE
276		1515452	1516514	120	1		True		True		True		(0.0, 0.0, 0.0)		2.140801		0		NE
277		1525792	1526600	120	1		True		True		True		(0.0, 0.0, 0.0)		0.8665551		0		SW
278		1532021	1532939	160	1		True		True		True		(0.0, 0.0, 0.0)		1.816505		0		NW
279		1538660	1539471	160	1		True		True		True		(0.0, 0.0, 0.0)		1.884164		0		NW
280		1543290	1544237	200	1		True		True		True		(0.0, 0.0, 0.0)		2.238813		0		NE
281		1547707	1548538	200	1		True		True		True		(0.0, 0.0, 0.0)		1.806854		0		SW
282		1552228	1553022	240	1		True		True		True		(0.0, 0.0, 0.0)		0.9780175		0		NE
283		1556254	1557057	240	1		False		False		True		(0.0, 0.0, 0.0)		1.87315		0		SW
284		1560294	1561346	200	1		True		True		True		(0.0, 0.0, 0.0)		1.828931		0		SE
285		1564321	1565101	200	1		False		False		True		(0.0, 0.0, 0.0)		1.713943		0		SE
286		1568336	1569026	160	1		True		True		True		(0.0, 0.0, 0.0)		2.025865		0		NE
287		1576562	1577369	160	1		True		True		True		(0.0, 0.0, 0.0)		1.021828		0		SW
288		1580573	1581408	200	1		True		True		True		(0.0, 0.0, 0.0)		1.247268		0		SE
289		1584584	1585911	200	1		False		False		True		(0.0, 0.0, 0.0)		1.481477		0		SE
290		1588596	1589304	160	1		True		True		True		(0.0, 0.0, 0.0)		0.7876108		0		SE
291		1593353	1594434	160	1		True		True		True		(0.0, 0.0, 0.0)		1.771594		0		SE
292		1597366	1598264	200	1		True		True		True		(0.0, 0.0, 0.0)		1.240655		0		NW
293		1601394	1602145	200	1		True		True		True		(0.0, 0.0, 0.0)		2.289982		0		NE
294		1605415	1606412	240	1		False		False		True		(0.0, 0.0, 0.0)		1.043414		0		NE
295		1609433	1610286	200	1		True		True		True		(0.0, 0.0, 0.0)		1.090338		0		SE
296		1613952	1614714	200	1		False		False		True		(0.0, 0.0, 0.0)		1.167437		0		SE
297		1618396	1619146	160	1		False		False		True		(0.0, 0.0, 0.0)		1.420331		0		NE
298		1623473	1624277	120	1		True		True		True		(0.0, 0.0, 0.0)		1.239772		0		SE
299		1627497	1629326	120	1		True		True		True		(0.0, 0.0, 0.0)		1.05685		0		NE
300		1631956	1632793	160	1		True		True		True		(0.0, 0.0, 0.0)		1.718035		0		SE
