TrialNumber	StartTime	EndTime	CoherenceAngle	StaircaseNumber	CombinedResponse	CorrectVertical	CorrectHorizontal	GazeErrorHeadErrorStimulusDirection
0		40810.78	41588.63	0	1		True		True		True		(0.0, 0.0, 0.0)		0.3167741		0		NW
1		44836.43	45541.75	0	1		True		True		True		(0.0, 0.0, 0.0)		0.1658914		0		SW
2		48863.68	49559.23	40	1		True		True		True		(0.0, 0.0, 0.0)		0.4763153		0		SW
3		52887.55	53617.8	40	1		True		True		True		(0.0, 0.0, 0.0)		0.2988024		0		SW
4		56904.68	58197.78	80	1		True		True		True		(0.0, 0.0, 0.0)		0.4575081		0		SE
5		60929.36	61812.8	80	1		True		True		True		(0.0, 0.0, 0.0)		0.4172128		0		NW
6		64949.29	65844.2	120	1		True		True		True		(0.0, 0.0, 0.0)		0.2526455		0		NE
7		68970.22	69742.77	120	1		True		True		True		(0.0, 0.0, 0.0)		0.1519233		0		SW
8		72985.01	73690.25	160	1		True		True		True		(0.0, 0.0, 0.0)		0.1672154		0		SE
9		77000.84	78127.76	160	1		True		True		True		(0.0, 0.0, 0.0)		0.3050439		0		SW
10		81020.62	82149.5	200	1		True		True		True		(0.0, 0.0, 0.0)		0.09970444		0		NE
11		85041.06	86159.85	200	1		True		True		True		(0.0, 0.0, 0.0)		0.392936		0		NE
12		89062.02	90200.55	240	1		False		False		True		(0.0, 0.0, 0.0)		0.1196465		0		NW
13		93071.07	94636.57	200	1		False		False		True		(0.0, 0.0, 0.0)		0.2365784		0		SE
14		97088.45	98074.76	160	1		True		True		True		(0.0, 0.0, 0.0)		0.2333449		0		NE
15		101100.4	102463.3	160	1		True		True		True		(0.0, 0.0, 0.0)		0.6457874		0		NW
16		105111.3	106741.5	200	1		True		True		True		(0.0, 0.0, 0.0)		0.05826826		0		SW
17		109136.7	110295.9	200	1		True		True		True		(0.0, 0.0, 0.0)		0.1110591		0		NW
18		113157.4	114462.3	240	1		True		True		True		(0.0, 0.0, 0.0)		0.2030589		0		NE
19		117178.1	118232.8	240	1		True		True		True		(0.0, 0.0, 0.0)		0.2774199		0		NW
20		121197.8	122542.1	280	1		False		False		True		(0.0, 0.0, 0.0)		0.5167542		0		SW
21		125216.4	126340.1	240	1		True		True		True		(0.0, 0.0, 0.0)		0.531857		0		NE
22		129224.3	130578.2	240	1		False		False		True		(0.0, 0.0, 0.0)		0.4911716		0		NW
23		133253.5	134306.8	200	1		True		True		True		(0.0, 0.0, 0.0)		0.526242		0		SE
24		137268.8	138401.5	200	1		True		True		True		(0.0, 0.0, 0.0)		0.7780336		0		NE
25		141284	142389.7	240	1		False		False		True		(0.0, 0.0, 0.0)		0.3750903		0		NW
26		145303.6	146298.7	200	1		True		True		True		(0.0, 0.0, 0.0)		0.6224663		0		NE
27		149313	150374	200	1		True		True		True		(0.0, 0.0, 0.0)		0.715674		0		SW
28		153340	154684.2	240	1		True		True		True		(0.0, 0.0, 0.0)		0.190176		0		NW
29		157354.6	158809.4	240	1		False		False		True		(0.0, 0.0, 0.0)		0.5169494		0		SE
30		161365.8	162303.2	200	1		True		True		True		(0.0, 0.0, 0.0)		0.5626851		0		NE
31		165384.1	166445.2	200	1		True		True		True		(0.0, 0.0, 0.0)		0.2608325		0		NW
32		169392.9	170499	240	1		False		False		True		(0.0, 0.0, 0.0)		0.6740312		0		NW
33		173417.6	174408.5	200	1		True		True		True		(0.0, 0.0, 0.0)		0.5945156		0		SW
34		181438.9	182383.5	200	1		True		True		True		(0.0, 0.0, 0.0)		0.6172752		0		SW
35		185461.8	186302.9	240	1		True		True		True		(0.0, 0.0, 0.0)		0.5607747		0		SE
36		189481.1	190873.1	240	1		True		True		True		(0.0, 0.0, 0.0)		0.4767236		0		NW
37		193502.4	194979.4	280	1		True		True		True		(0.0, 0.0, 0.0)		1.216745		0		SW
38		197525.1	198899.1	280	1		True		True		True		(0.0, 0.0, 0.0)		0.7814306		0		SE
39		201546.5	202760.1	320	1		False		False		True		(0.0, 0.0, 0.0)		0.6195413		0		SW
40		205557.8	206713.6	280	1		True		True		True		(0.0, 0.0, 0.0)		0.6102442		0		SW
41		209572.4	211152.5	280	1		False		False		True		(0.0, 0.0, 0.0)		1.02961		0		SE
42		213589.1	214780.8	240	1		True		True		True		(0.0, 0.0, 0.0)		0.2102799		0		SW
43		217612.7	218889.5	240	1		False		False		True		(0.0, 0.0, 0.0)		0.8936856		0		NW
44		221625.7	222832.6	200	1		True		True		True		(0.0, 0.0, 0.0)		0.6654429		0		NW
45		225635.9	226652.6	200	1		True		True		True		(0.0, 0.0, 0.0)		0.4760401		0		NE
46		229651.1	230773.3	240	1		True		True		True		(0.0, 0.0, 0.0)		0.684217		0		NE
47		233667.1	234812.7	240	1		True		True		True		(0.0, 0.0, 0.0)		0.7597557		0		NW
48		237676.1	239031.6	280	1		False		False		True		(0.0, 0.0, 0.0)		0.5253786		0		SE
49		241989.2	243101.2	240	1		True		True		True		(0.0, 0.0, 0.0)		0.7577718		0		SW
50		246014.8	247010.5	240	1		False		False		True		(0.0, 0.0, 0.0)		0.6685077		0		NE
51		250039.2	251279.9	200	1		True		True		True		(0.0, 0.0, 0.0)		0.5822739		0		NE
52		254051.7	255962.7	200	1		True		True		True		(0.0, 0.0, 0.0)		0.4599889		0		SE
53		258061.5	259161.8	240	1		True		True		True		(0.0, 0.0, 0.0)		0.5771053		0		SW
54		262076.6	263537.7	240	1		True		True		True		(0.0, 0.0, 0.0)		0.2474428		0		NE
55		266096.3	267390.7	280	1		False		False		True		(0.0, 0.0, 0.0)		0.5499608		0		NE
56		275137	276570.5	240	1		True		True		True		(0.0, 0.0, 0.0)		0.3547235		0		SW
57		279161.1	280363.7	240	1		False		False		True		(0.0, 0.0, 0.0)		0.4311105		0		NE
58		283183.3	284250	200	1		True		True		True		(0.0, 0.0, 0.0)		0.6973506		0		SW
59		287206.4	288238.1	200	1		True		True		True		(0.0, 0.0, 0.0)		0.6429762		0		SE
60		291224.7	292314.9	240	1		False		False		True		(0.0, 0.0, 0.0)		0.7104684		0		NW
61		299704.5	300801.3	200	1		True		True		True		(0.0, 0.0, 0.0)		0.4972227		0		NE
62		303723.8	304782.1	200	1		True		True		True		(0.0, 0.0, 0.0)		0.06960702		0		NE
63		307747.3	308910.9	240	1		False		False		True		(0.0, 0.0, 0.0)		0.5498509		0		SE
64		311765.5	312660.5	200	1		True		True		True		(0.0, 0.0, 0.0)		0.7106685		0		NE
65		315785.8	316800.6	200	1		True		True		True		(0.0, 0.0, 0.0)		0.1733645		0		SE
66		319807.4	321029.4	240	1		False		False		True		(0.0, 0.0, 0.0)		0.3196899		0		NE
67		323832.7	324765.3	200	1		True		True		True		(0.0, 0.0, 0.0)		0.2652089		0		NE
68		327842.3	329780.1	200	1		True		True		True		(0.0, 0.0, 0.0)		0.68406		0		NW
69		331862.6	332995.6	240	1		True		True		True		(0.0, 0.0, 0.0)		0.7188516		0		NE
70		335889.3	337220.7	240	1		True		True		True		(0.0, 0.0, 0.0)		0.5368375		0		NW
71		339907.2	341014.7	280	1		False		True		False		(0.0, 0.0, 0.0)		0.5543399		0		SE
72		343917.3	345587.4	280	1		True		True		True		(0.0, 0.0, 0.0)		0.6603206		0		SE
73		347947.6	349229.3	320	1		False		False		True		(0.0, 0.0, 0.0)		0.2425321		0		NE
74		351965.9	353368.6	280	1		False		False		True		(0.0, 0.0, 0.0)		0.6372807		0		SE
75		356018.5	357237.8	240	1		False		False		True		(0.0, 0.0, 0.0)		0.9738122		0		NW
76		360040.3	361273.8	200	1		True		True		True		(0.0, 0.0, 0.0)		0.7246668		0		SE
77		364061.6	365204.2	200	1		False		False		True		(0.0, 0.0, 0.0)		0.4708676		0		NW
78		368082.1	369215.2	160	1		True		True		True		(0.0, 0.0, 0.0)		0.3099408		0		NW
79		372104.3	373167.1	160	1		True		True		True		(0.0, 0.0, 0.0)		0.375876		0		NW
80		376129.4	377430	200	1		True		True		True		(0.0, 0.0, 0.0)		0.483261		0		SE
81		380145.1	381074.8	200	1		True		True		True		(0.0, 0.0, 0.0)		0.6122997		0		NE
82		384169.4	385528.3	240	1		False		False		True		(0.0, 0.0, 0.0)		0.9764302		0		SE
83		388198.7	389249.4	200	1		True		True		True		(0.0, 0.0, 0.0)		0.5518359		0		NE
84		392219.7	393258.9	200	1		True		True		True		(0.0, 0.0, 0.0)		0.7027245		0		NW
85		396241.8	397291.8	240	1		True		True		True		(0.0, 0.0, 0.0)		0.7023569		0		NE
86		400437.8	401588.5	240	1		True		True		True		(0.0, 0.0, 0.0)		0.1939329		0		SE
87		404459.1	405735.8	280	1		True		True		True		(0.0, 0.0, 0.0)		0.4329743		0		SE
88		408543.3	409810.9	280	1		False		False		True		(0.0, 0.0, 0.0)		0.03020961		0		NW
89		412556.7	413705.7	240	1		True		True		True		(0.0, 0.0, 0.0)		0.5217304		0		SW
90		416572.7	418383	240	1		False		False		True		(0.0, 0.0, 0.0)		0.1076907		0		SE
91		420749.2	422251	200	1		True		True		True		(0.0, 0.0, 0.0)		0.3127798		0		NW
92		424767.2	425812.4	200	1		True		True		True		(0.0, 0.0, 0.0)		0.4088015		0		SE
93		428787.3	430125.7	240	1		True		True		True		(0.0, 0.0, 0.0)		0.414699		0		SW
94		436828.6	438283.6	240	1		False		False		True		(0.0, 0.0, 0.0)		0.7905079		0		SW
95		441123.3	442276.6	200	1		True		True		True		(0.0, 0.0, 0.0)		0.4292698		0		NW
96		445141.7	446180.2	200	1		True		True		True		(0.0, 0.0, 0.0)		0.644748		0		NE
97		449170.4	450671.1	240	1		False		False		True		(0.0, 0.0, 0.0)		0.7485639		0		NW
98		453193.8	454182.1	200	1		True		True		True		(0.0, 0.0, 0.0)		0.2423934		0		NE
99		457215.7	458355.7	200	1		False		False		True		(0.0, 0.0, 0.0)		0.09134701		0		SW
100		461222.8	462073	160	1		True		True		True		(0.0, 0.0, 0.0)		0.357427		0		NE
101		465241.7	466116.2	160	1		True		True		True		(0.0, 0.0, 0.0)		0.8381169		0		SW
102		469264	470292.3	200	1		True		True		True		(0.0, 0.0, 0.0)		0.8216404		0		SE
103		473673.8	474513.5	200	1		True		True		True		(0.0, 0.0, 0.0)		0.2961237		0		SE
104		477694	478755.2	240	1		True		True		True		(0.0, 0.0, 0.0)		0.06541226		0		SE
105		481714.8	482719.8	240	1		False		False		True		(0.0, 0.0, 0.0)		0.4130822		0		NE
106		485743.8	486584.7	200	1		True		True		True		(0.0, 0.0, 0.0)		0.5036126		0		NW
107		489766.3	490985	200	1		False		False		True		(0.0, 0.0, 0.0)		0.1250259		0		SE
108		493783.3	494670.4	160	1		True		True		True		(0.0, 0.0, 0.0)		0.7285971		0		SW
109		497802.2	498579.8	160	1		True		True		True		(0.0, 0.0, 0.0)		0.3948319		0		SE
110		501813.2	503716.4	200	1		False		False		True		(0.0, 0.0, 0.0)		0.5700615		0		SE
111		505865.6	506603.4	160	1		True		True		True		(0.0, 0.0, 0.0)		0.3863074		0		NE
112		509886.2	510976.9	160	1		True		True		True		(0.0, 0.0, 0.0)		0.9894355		0		SE
113		513906.8	514828.4	200	1		True		True		True		(0.0, 0.0, 0.0)		0.2648398		0		NE
114		517930.7	519370.7	200	1		True		True		True		(0.0, 0.0, 0.0)		0.7707829		0		NW
115		521947.8	523274.4	240	1		True		True		True		(0.0, 0.0, 0.0)		0.4156351		0		NE
116		525973.5	527445.8	240	1		True		True		True		(0.0, 0.0, 0.0)		0.862226		0		NE
117		529993.6	531354.7	280	1		False		False		True		(0.0, 0.0, 0.0)		0.7144875		0		SW
118		538034.4	539062.7	240	1		False		False		True		(0.0, 0.0, 0.0)		0.2488351		0		NE
119		542056.8	543738	200	1		True		True		True		(0.0, 0.0, 0.0)		0.6108069		0		NE
120		546065.6	547654.8	200	1		True		True		True		(0.0, 0.0, 0.0)		0.4007862		0		SE
121		550086.1	551701.5	240	1		True		True		True		(0.0, 0.0, 0.0)		0.7037809		0		NE
122		554108	555303.1	240	1		True		True		True		(0.0, 0.0, 0.0)		0.7669737		0		SW
123		558124.5	559489.5	280	1		False		False		True		(0.0, 0.0, 0.0)		0.8011048		0		SE
124		562144.4	563297.5	240	1		False		False		True		(0.0, 0.0, 0.0)		0.3019614		0		NW
125		566165.6	567486	200	1		True		True		True		(0.0, 0.0, 0.0)		0.2509212		0		NE
126		570188.5	571459.8	200	1		True		True		True		(0.0, 0.0, 0.0)		0.3317134		0		SW
127		574213.9	575303.1	240	1		False		False		True		(0.0, 0.0, 0.0)		0.7779953		0		NE
128		578229.1	579949.5	200	1		True		True		True		(0.0, 0.0, 0.0)		0.7590557		0		NW
129		582252	583343.8	200	1		True		True		True		(0.0, 0.0, 0.0)		0.7678297		0		SW
130		586275.2	587718.9	240	1		True		True		True		(0.0, 0.0, 0.0)		0.4041609		0		SW
131		590289.8	591542.3	240	1		True		True		True		(0.0, 0.0, 0.0)		0.304491		0		NE
132		594310.4	595365.4	280	1		False		False		True		(0.0, 0.0, 0.0)		0.7791517		0		NW
133		598330.2	600051.6	240	1		True		True		True		(0.0, 0.0, 0.0)		0.7308423		0		SW
134		602351.1	603413.6	240	1		True		True		True		(0.0, 0.0, 0.0)		0.1495528		0		SW
135		606363.8	607716.3	280	1		True		True		True		(0.0, 0.0, 0.0)		0.2037072		0		SW
136		610376.3	611415.6	280	1		False		False		True		(0.0, 0.0, 0.0)		0.09379514		0		NW
137		614392.3	615500.9	240	1		False		False		True		(0.0, 0.0, 0.0)		0.06764681		0		NE
138		618410.5	619294.7	200	1		True		True		True		(0.0, 0.0, 0.0)		0.452078		0		SW
139		622420.6	623740.8	200	1		False		False		True		(0.0, 0.0, 0.0)		0.5297207		0		NW
140		626429	627368.9	160	1		True		True		True		(0.0, 0.0, 0.0)		0.5857551		0		NE
141		630451.9	631492.5	160	1		True		True		True		(0.0, 0.0, 0.0)		0.2933384		0		NE
142		638492.1	639364.7	200	1		True		True		True		(0.0, 0.0, 0.0)		0.4207864		0		SE
143		642523.4	643884.1	200	1		False		False		True		(0.0, 0.0, 0.0)		0.1729297		0		SE
144		646543	647460.4	160	1		True		True		True		(0.0, 0.0, 0.0)		0.3724903		0		NW
145		650552.4	651559	160	1		True		True		True		(0.0, 0.0, 0.0)		0.6753141		0		SW
146		654565.1	655302.4	200	1		True		True		True		(0.0, 0.0, 0.0)		0.3872401		0		NE
147		658593.8	659554.6	200	1		True		True		True		(0.0, 0.0, 0.0)		0.07507481		0		NE
148		662607.1	663701.2	240	1		True		True		True		(0.0, 0.0, 0.0)		0.3300085		0		NE
149		666634.7	667776	240	1		True		True		True		(0.0, 0.0, 0.0)		0.5325348		0		SW
150		670656.4	671576.7	280	1		False		False		True		(0.0, 0.0, 0.0)		0.180179		0		NW
151		678682.4	679723.5	240	1		False		False		True		(0.0, 0.0, 0.0)		0.4085847		0		NW
152		682705.1	683800.3	200	1		True		True		True		(0.0, 0.0, 0.0)		0.2822801		0		NW
153		686727.6	687699.4	200	1		True		True		True		(0.0, 0.0, 0.0)		0.3695154		0		NE
154		690735.8	691609.2	240	1		False		False		True		(0.0, 0.0, 0.0)		0.372802		0		NW
155		694753.4	696089.1	200	1		True		True		True		(0.0, 0.0, 0.0)		0.6380353		0		NW
156		698776.2	700026.2	200	1		True		True		True		(0.0, 0.0, 0.0)		0.1862428		0		SW
157		702796.6	704017.6	240	1		True		True		True		(0.0, 0.0, 0.0)		0.5184796		0		NW
158		706818.6	707933.9	240	1		True		True		True		(0.0, 0.0, 0.0)		0.08140521		0		NE
159		710837.7	712001.9	280	1		False		False		True		(0.0, 0.0, 0.0)		0.1577968		0		NE
160		714861.5	716145.9	240	1		True		True		True		(0.0, 0.0, 0.0)		0.2326445		0		SE
161		718879.8	720068.4	240	1		True		True		True		(0.0, 0.0, 0.0)		0.1971227		0		SE
162		722896.7	725035.3	280	1		True		True		True		(0.0, 0.0, 0.0)		0.4479823		0		SE
163		726909.4	728130.2	280	1		True		True		True		(0.0, 0.0, 0.0)		0.1423467		0		NW
164		734960.8	736226.8	320	1		False		False		True		(0.0, 0.0, 0.0)		0.2920536		0		SW
165		738975.3	739957.2	280	1		True		True		True		(0.0, 0.0, 0.0)		0.2593102		0		SW
166		742997.1	744099	280	1		False		False		True		(0.0, 0.0, 0.0)		0.3570901		0		SW
167		747018.6	747773.5	240	1		False		True		False		(0.0, 0.0, 0.0)		0.7950944		0		SE
168		755047.1	756259.4	240	1		True		True		True		(0.0, 0.0, 0.0)		0.1755965		0		SE
169		759069.5	760406.6	280	1		True		True		True		(0.0, 0.0, 0.0)		0.4451479		0		SW
170		767969.3	769200.7	280	1		False		False		True		(0.0, 0.0, 0.0)		0.1852738		0		SE
171		771994.9	773183.4	240	1		True		True		True		(0.0, 0.0, 0.0)		0.1302947		0		NE
172		776009.9	777093.3	240	1		True		True		True		(0.0, 0.0, 0.0)		0.4312595		0		SW
173		784335.1	785202.8	280	1		False		True		False		(0.0, 0.0, 0.0)		0.05368723		0		SE
174		788360.1	789919.3	280	1		True		True		True		(0.0, 0.0, 0.0)		0.1496678		0		SE
175		792397.9	793802.7	320	1		False		False		True		(0.0, 0.0, 0.0)		0.3748355		0		SW
176		796422.9	797542.3	280	1		False		False		True		(0.0, 0.0, 0.0)		0.4058584		0		NW
177		800432.7	802376.1	240	1		False		False		True		(0.0, 0.0, 0.0)		0.337701		0		SW
178		804726	805839.8	200	1		True		True		True		(0.0, 0.0, 0.0)		0.2791804		0		SW
179		808743.5	810407	200	1		False		False		True		(0.0, 0.0, 0.0)		0.4120494		0		SW
180		812761.6	813832.6	160	1		True		True		True		(0.0, 0.0, 0.0)		0.1226559		0		SW
181		816782.6	817731.4	160	1		True		True		True		(0.0, 0.0, 0.0)		0.4907863		0		SE
182		820802.3	822830.3	200	1		True		True		True		(0.0, 0.0, 0.0)		0.3923101		0		SE
183		824844.6	825998.6	200	1		True		True		True		(0.0, 0.0, 0.0)		0.08584277		0		SE
184		828864.6	831704.4	240	1		False		True		False		(0.0, 0.0, 0.0)		0.8530647		0		SW
185		833547.4	834737.8	240	1		True		True		True		(0.0, 0.0, 0.0)		0.1715006		0		NE
186		837556.1	838633.4	280	1		True		True		True		(0.0, 0.0, 0.0)		0.2358649		0		NE
187		841576.9	842888.9	280	1		True		True		True		(0.0, 0.0, 0.0)		0.3103585		0		NW
188		845597.7	846822.8	320	1		True		True		True		(0.0, 0.0, 0.0)		0.03654175		0		NW
189		849607.1	850888.9	320	1		False		False		True		(0.0, 0.0, 0.0)		0.5316046		0		SE
190		853631.6	854804.7	280	1		True		True		True		(0.0, 0.0, 0.0)		0.4243847		0		SW
191		857649.7	858636.1	280	1		False		False		True		(0.0, 0.0, 0.0)		0.463696		0		NE
192		861668.1	863405.1	240	1		False		False		True		(0.0, 0.0, 0.0)		0.4037957		0		SE
193		865690.3	867237.2	200	1		True		True		True		(0.0, 0.0, 0.0)		0.3503919		0		SE
194		869710.9	870775	200	1		False		False		True		(0.0, 0.0, 0.0)		0.3199827		0		NW
195		873730.5	874424.8	160	1		True		True		True		(0.0, 0.0, 0.0)		0.2092141		0		NE
196		877754.2	879440.7	160	1		False		False		True		(0.0, 0.0, 0.0)		0.5579305		0		SE
197		881772.4	882638.7	120	1		True		True		True		(0.0, 0.0, 0.0)		0.4083545		0		SW
198		885792.6	886512.8	120	1		True		True		True		(0.0, 0.0, 0.0)		0.2696901		0		SW
199		889822.3	890723.3	160	1		True		True		True		(0.0, 0.0, 0.0)		0.3404802		0		NW
200		893836.3	894471.6	160	1		True		True		True		(0.0, 0.0, 0.0)		1.122468		0		NE
201		897848.9	899319.1	200	1		True		True		True		(0.0, 0.0, 0.0)		0.04288353		0		NE
202		901862.6	902896.9	200	1		True		True		True		(0.0, 0.0, 0.0)		0.6472185		0		NW
203		905874.1	906876.6	240	1		True		True		True		(0.0, 0.0, 0.0)		0.1860889		0		NE
204		909902.7	911425.9	240	1		True		True		True		(0.0, 0.0, 0.0)		0.4577276		0		SW
205		913923.5	915056.7	280	1		False		False		True		(0.0, 0.0, 0.0)		0.3496275		0		NW
206		918234.1	919981.8	240	1		True		True		True		(0.0, 0.0, 0.0)		0.2248167		0		NW
207		922242.8	923308.1	240	1		False		False		True		(0.0, 0.0, 0.0)		0.1063409		0		NW
208		930293.9	931583.1	200	1		False		False		True		(0.0, 0.0, 0.0)		0.0307239		0		NW
209		934314.8	935269.5	160	1		True		True		True		(0.0, 0.0, 0.0)		0.2801724		0		SE
210		938334.8	939179.1	160	1		True		True		True		(0.0, 0.0, 0.0)		0.1236489		0		NE
211		942355.3	944034.4	200	1		True		True		True		(0.0, 0.0, 0.0)		0.2631431		0		SW
212		946365.3	947321.5	200	1		False		False		True		(0.0, 0.0, 0.0)		0.5403852		0		NW
213		950385.1	951295.4	160	1		True		True		True		(0.0, 0.0, 0.0)		0.2000422		0		SW
214		954402.4	956504.6	160	1		False		False		True		(0.0, 0.0, 0.0)		0.1766749		0		SW
215		958492.8	959314.5	120	1		True		True		True		(0.0, 0.0, 0.0)		0.2528511		0		NE
216		962513.4	963446.1	120	1		True		True		True		(0.0, 0.0, 0.0)		0.1390217		0		NW
217		966523.1	967344.1	160	1		True		True		True		(0.0, 0.0, 0.0)		0.3934842		0		NE
218		970548.4	971848.5	160	1		True		True		True		(0.0, 0.0, 0.0)		0.5661889		0		SE
219		974575.3	976157.9	200	1		True		True		True		(0.0, 0.0, 0.0)		0.2380101		0		NW
220		982627.3	984064.1	200	1		True		True		True		(0.0, 0.0, 0.0)		0.2431805		0		NW
221		986636.1	987996.4	240	1		True		True		True		(0.0, 0.0, 0.0)		0.3383454		0		SW
222		990656.4	991792.6	240	1		False		False		True		(0.0, 0.0, 0.0)		0.3450371		0		SE
223		995021.9	996168.8	200	1		True		True		True		(0.0, 0.0, 0.0)		0.1741212		0		NE
224		999030.8	1000391	200	1		False		False		True		(0.0, 0.0, 0.0)		0.187168		0		NE
225		1003233	1004288	160	1		True		True		True		(0.0, 0.0, 0.0)		0.6314438		0		SW
226		1007262	1008194	160	1		True		True		True		(0.0, 0.0, 0.0)		0.3087994		0		NE
227		1011281	1012588	200	1		True		True		True		(0.0, 0.0, 0.0)		0.1682271		0		NE
228		1015304	1016348	200	1		True		True		True		(0.0, 0.0, 0.0)		0.1813776		0		NE
229		1019325	1021617	240	1		True		True		True		(0.0, 0.0, 0.0)		0.538901		0		SW
230		1023342	1024826	240	1		False		False		True		(0.0, 0.0, 0.0)		0.2939059		0		NE
231		1027353	1028185	200	1		False		False		True		(0.0, 0.0, 0.0)		0.6212206		0		SE
232		1031373	1032383	160	1		True		True		True		(0.0, 0.0, 0.0)		0.09475183		0		NE
233		1035382	1036257	160	1		True		True		True		(0.0, 0.0, 0.0)		0.4959043		0		SW
234		1043426	1044649	200	1		True		True		True		(0.0, 0.0, 0.0)		0.08416127		0		SW
235		1047443	1048521	200	1		True		True		True		(0.0, 0.0, 0.0)		0.7662608		0		NE
236		1051464	1053263	240	1		True		True		True		(0.0, 0.0, 0.0)		0.2113586		0		SE
237		1055487	1057173	240	1		False		False		True		(0.0, 0.0, 0.0)		0.4254891		0		NE
238		1059506	1060562	200	1		True		True		True		(0.0, 0.0, 0.0)		0.8399129		0		NE
239		1063524	1064763	200	1		False		False		True		(0.0, 0.0, 0.0)		0.04996327		0		SW
240		1067535	1068456	160	1		True		True		True		(0.0, 0.0, 0.0)		0.5099417		0		SE
241		1071555	1072412	160	1		True		True		True		(0.0, 0.0, 0.0)		0.3796495		0		SW
242		1075588	1076814	200	1		True		True		True		(0.0, 0.0, 0.0)		0.3288356		0		NE
243		1079607	1081329	200	1		False		False		True		(0.0, 0.0, 0.0)		0.2389204		0		NE
244		1083628	1084517	160	1		True		True		True		(0.0, 0.0, 0.0)		0.0846322		0		NW
245		1087643	1088537	160	1		True		True		True		(0.0, 0.0, 0.0)		0.02885073		0		SW
246		1091669	1093242	200	1		True		True		True		(0.0, 0.0, 0.0)		0.3560708		0		NW
247		1095691	1096722	200	1		True		True		True		(0.0, 0.0, 0.0)		0.1945232		0		SE
248		1099704	1101192	240	1		True		True		True		(0.0, 0.0, 0.0)		0.2086452		0		SW
249		1103725	1105332	240	1		True		True		True		(0.0, 0.0, 0.0)		0.03525357		0		SW
250		1108752	1110294	280	1		True		True		True		(0.0, 0.0, 0.0)		0.1037468		0		NE
251		1112776	1114304	280	1		True		True		True		(0.0, 0.0, 0.0)		0.3188053		0		SE
252		1116791	1118122	320	1		False		False		True		(0.0, 0.0, 0.0)		0.1263637		0		SE
253		1121105	1122333	280	1		False		False		True		(0.0, 0.0, 0.0)		0.1189031		0		NW
254		1125123	1126359	240	1		False		False		True		(0.0, 0.0, 0.0)		0.2051187		0		NE
255		1129136	1130576	200	1		False		False		True		(0.0, 0.0, 0.0)		0.2378013		0		SE
256		1133163	1133966	160	1		True		True		True		(0.0, 0.0, 0.0)		0.1392058		0		NE
257		1137187	1138138	160	1		True		True		True		(0.0, 0.0, 0.0)		0.2765175		0		SE
258		1141209	1141985	200	1		True		True		True		(0.0, 0.0, 0.0)		0.2699564		0		NE
259		1145229	1146522	200	1		True		True		True		(0.0, 0.0, 0.0)		0.08637536		0		SE
260		1149249	1150869	240	1		True		True		True		(0.0, 0.0, 0.0)		0.1174804		0		SW
261		1153268	1154591	240	1		True		True		True		(0.0, 0.0, 0.0)		0.001514547		0		SW
262		1161319	1162454	280	1		True		True		True		(0.0, 0.0, 0.0)		0.2297467		0		SW
263		1165349	1166415	280	1		True		True		True		(0.0, 0.0, 0.0)		0.3608726		0		SW
264		1169369	1170652	320	1		True		True		True		(0.0, 0.0, 0.0)		0.2717412		0		SE
265		1174393	1176136	320	1		False		False		True		(0.0, 0.0, 0.0)		0.2997359		0		NW
266		1178459	1179765	280	1		False		False		True		(0.0, 0.0, 0.0)		0.09658937		0		NW
267		1182480	1184068	240	1		True		True		True		(0.0, 0.0, 0.0)		0.4077907		0		SW
268		1186497	1187528	240	1		True		True		True		(0.0, 0.0, 0.0)		0.4716527		0		SW
269		1190509	1191715	280	1		False		False		True		(0.0, 0.0, 0.0)		0.4328365		0		NW
270		1194520	1195876	240	1		False		False		True		(0.0, 0.0, 0.0)		0.3857767		0		SE
271		1198539	1200011	200	1		False		False		True		(0.0, 0.0, 0.0)		0.1276456		0		SE
272		1202559	1204214	160	1		True		True		True		(0.0, 0.0, 0.0)		0.4360737		0		NW
273		1207590	1208563	160	1		True		True		True		(0.0, 0.0, 0.0)		0.1225405		0		SE
274		1211601	1212584	200	1		True		True		True		(0.0, 0.0, 0.0)		0.2173051		0		NE
275		1215618	1216626	200	1		True		True		True		(0.0, 0.0, 0.0)		0.505729		0		SW
276		1219629	1221285	240	1		True		True		True		(0.0, 0.0, 0.0)		0.1200196		0		SW
277		1223650	1224837	240	1		True		True		True		(0.0, 0.0, 0.0)		0.1234571		0		NE
278		1227671	1229089	280	1		True		True		True		(0.0, 0.0, 0.0)		0.1366679		0		SE
279		1231680	1232924	280	1		True		True		True		(0.0, 0.0, 0.0)		0.1840549		0		NW
280		1235707	1236962	320	1		False		False		True		(0.0, 0.0, 0.0)		0.05246314		0		SE
281		1239721	1241455	280	1		False		False		True		(0.0, 0.0, 0.0)		0.2649321		0		NW
282		1243831	1244725	240	1		True		True		True		(0.0, 0.0, 0.0)		0.173208		0		NE
283		1247841	1249341	240	1		False		False		True		(0.0, 0.0, 0.0)		0.1742638		0		NW
284		1251849	1252633	200	1		True		True		True		(0.0, 0.0, 0.0)		0.7936103		0		NE
285		1255859	1256950	200	1		True		True		True		(0.0, 0.0, 0.0)		0.7102629		0		NW
286		1259890	1261008	240	1		True		True		True		(0.0, 0.0, 0.0)		0.5132897		0		NE
287		1263912	1265127	240	1		True		True		True		(0.0, 0.0, 0.0)		0.3433951		0		SE
288		1272209	1273437	280	1		True		True		True		(0.0, 0.0, 0.0)		0.2493521		0		SW
289		1280259	1281560	280	1		False		False		True		(0.0, 0.0, 0.0)		0.1313289		0		NE
290		1284292	1286031	240	1		True		True		True		(0.0, 0.0, 0.0)		0.4025919		0		SE
291		1288317	1289762	240	1		False		False		True		(0.0, 0.0, 0.0)		0.2193792		0		SE
292		1292332	1293282	200	1		True		True		True		(0.0, 0.0, 0.0)		0.1925386		0		SW
293		1296347	1297800	200	1		False		False		True		(0.0, 0.0, 0.0)		0.7394431		0		SE
294		1300361	1301356	160	1		True		True		True		(0.0, 0.0, 0.0)		0.5081174		0		NW
295		1304388	1305455	160	1		True		True		True		(0.0, 0.0, 0.0)		0.1269521		0		SE
296		1308409	1309299	200	1		True		True		True		(0.0, 0.0, 0.0)		0.2980135		0		SW
297		1312429	1313229	200	1		True		True		True		(0.0, 0.0, 0.0)		0.2781463		0		NE
298		1316446	1317208	240	1		False		True		False		(0.0, 0.0, 0.0)		0.4202047		0		SE
299		1320481	1321697	240	1		False		False		True		(0.0, 0.0, 0.0)		0.08968348		0		NW
300		1324502	1325648	200	1		True		True		True		(0.0, 0.0, 0.0)		0.2788928		0		NW
