TrialNumber	StartTime	EndTime	CoherenceAngle	StaircaseNumber	CombinedResponse	CorrectVertical	CorrectHorizontal	GazeErrorHeadErrorStimulusDirection
0		61838.73	62944	0	1		True		True		True		(0.0, 0.0, 0.0)		0.9513593		0		NW
1		66558.45	67508.73	0	1		True		True		True		(0.0, 0.0, 0.0)		0.8355774		0		SE
2		70612.77	71644.19	40	1		True		True		True		(0.0, 0.0, 0.0)		1.011809		0		SE
3		74632.55	75638.65	40	1		True		True		True		(0.0, 0.0, 0.0)		1.380422		0		NE
4		78653.13	79614.5	80	1		True		True		True		(0.0, 0.0, 0.0)		0.8645347		0		SE
5		82675.74	83634.81	80	1		True		True		True		(0.0, 0.0, 0.0)		0.838235		0		SE
6		87444.79	88246.77	120	1		True		True		True		(0.0, 0.0, 0.0)		0.8922991		0		SW
7		91456.59	92313.48	120	1		True		True		True		(0.0, 0.0, 0.0)		0.7952766		0		NE
8		95467.77	96384.86	160	1		True		True		True		(0.0, 0.0, 0.0)		0.7416059		0		NE
9		100054	101164.3	160	1		True		True		True		(0.0, 0.0, 0.0)		0.906242		0		NE
10		104708.1	105614	200	1		True		True		True		(0.0, 0.0, 0.0)		1.051227		0		SW
11		108723.9	110029.2	200	1		False		False		True		(0.0, 0.0, 0.0)		1.04082		0		SW
12		113655.1	114543.4	160	1		True		True		True		(0.0, 0.0, 0.0)		0.7863972		0		SE
13		117677.1	118477.7	160	1		True		True		True		(0.0, 0.0, 0.0)		0.8345381		0		NW
14		121690.6	122640.1	200	1		True		True		True		(0.0, 0.0, 0.0)		0.8680215		0		SE
15		125700.3	126682.9	200	1		True		True		True		(0.0, 0.0, 0.0)		1.009715		0		SE
16		129720.2	130927.3	240	1		False		True		False		(0.0, 0.0, 0.0)		0.3986953		0		NW
17		133746.4	134826	240	1		False		True		False		(0.0, 0.0, 0.0)		0.7105442		0		NE
18		138705.4	139592.8	280	1		True		True		True		(0.0, 0.0, 0.0)		0.4658388		0		NW
19		142725.5	144069.6	280	1		True		True		True		(0.0, 0.0, 0.0)		0.6005296		0		SW
20		146857.8	148126.9	320	1		False		True		False		(0.0, 0.0, 0.0)		0.8280575		0		SW
21		150884.2	151883.3	320	1		False		False		False		(0.0, 0.0, 0.0)		0.5770649		0		SE
22		155226.1	156160	280	1		True		True		True		(0.0, 0.0, 0.0)		0.9618922		0		NE
23		159658.9	161030.2	280	1		False		False		False		(0.0, 0.0, 0.0)		0.8858172		0		NE
24		164261.5	165199.7	240	1		False		False		True		(0.0, 0.0, 0.0)		1.000243		0		NW
25		168270.1	169368.6	200	1		False		False		False		(0.0, 0.0, 0.0)		0.9668777		0		SW
26		172291.1	173196.7	160	1		True		True		True		(0.0, 0.0, 0.0)		0.7368404		0		NE
27		176308.6	177184.5	160	1		True		True		True		(0.0, 0.0, 0.0)		1.145341		0		NW
28		180331.6	181370.8	200	1		True		True		True		(0.0, 0.0, 0.0)		1.035385		0		SW
29		184347.4	185269	200	1		False		False		True		(0.0, 0.0, 0.0)		0.8615184		0		SE
30		188660.4	189500.9	160	1		True		True		True		(0.0, 0.0, 0.0)		0.9145997		0		NE
31		192680.9	193587.3	160	1		True		True		True		(0.0, 0.0, 0.0)		0.7673299		0		SW
32		200722.1	201540.6	200	1		True		True		True		(0.0, 0.0, 0.0)		1.174508		0		NW
33		204743.8	205613.7	200	1		True		True		True		(0.0, 0.0, 0.0)		0.9862157		0		NE
34		208764.4	209780.8	240	1		False		False		False		(0.0, 0.0, 0.0)		1.065041		0		NE
35		213056.9	213934.2	200	1		True		True		True		(0.0, 0.0, 0.0)		1.092103		0		NW
36		221103.5	222277.1	200	1		True		True		True		(0.0, 0.0, 0.0)		0.8474735		0		NE
37		225134.2	225975	240	1		False		True		False		(0.0, 0.0, 0.0)		1.028771		0		SE
38		229148.6	230161	240	1		False		False		True		(0.0, 0.0, 0.0)		1.181742		0		SW
39		233160.2	234092.7	200	1		False		True		False		(0.0, 0.0, 0.0)		1.089093		0		NW
40		237181.5	238124.1	200	1		True		True		True		(0.0, 0.0, 0.0)		0.8440069		0		NE
41		241327.4	242635.4	240	1		False		True		False		(0.0, 0.0, 0.0)		0.8787143		0		SW
42		245681.5	246763.2	240	1		False		True		False		(0.0, 0.0, 0.0)		0.943791		0		SE
43		249700.6	251098	280	1		False		True		False		(0.0, 0.0, 0.0)		1.231574		0		NE
44		253722.4	254649.8	280	1		False		True		False		(0.0, 0.0, 0.0)		0.9834497		0		SE
45		257893.2	258815.9	320	1		False		True		False		(0.0, 0.0, 0.0)		0.6804067		0		NW
46		261913.9	262991.5	320	1		True		True		True		(0.0, 0.0, 0.0)		0.7702289		0		NW
47		265939	266889.6	338	1		True		True		True		(0.0, 0.0, 0.0)		0.9984032		0		NE
48		269960	270921.6	338	1		False		False		True		(0.0, 0.0, 0.0)		0.5814804		0		SW
49		273975.8	274998.3	320	1		False		False		False		(0.0, 0.0, 0.0)		0.6200598		0		NW
50		277997.6	278951.4	280	1		False		False		False		(0.0, 0.0, 0.0)		0.6906258		0		NE
51		282016.2	282923.9	240	1		False		True		False		(0.0, 0.0, 0.0)		0.6038753		0		NW
52		286036.7	287069.7	240	1		True		True		True		(0.0, 0.0, 0.0)		0.6474186		0		SW
53		290060.9	291225.3	280	1		False		False		False		(0.0, 0.0, 0.0)		0.7170358		0		SW
54		294082.9	295913.5	240	1		True		True		True		(0.0, 0.0, 0.0)		1.032724		0		SW
55		298104	299424.2	240	1		False		False		False		(0.0, 0.0, 0.0)		0.8230159		0		SE
56		302113.7	304018.3	200	1		True		True		True		(0.0, 0.0, 0.0)		0.8450983		0		SW
57		306277.8	307450.3	200	1		False		True		False		(0.0, 0.0, 0.0)		0.7911379		0		NW
58		310297.4	311597	240	1		True		True		True		(0.0, 0.0, 0.0)		0.6751007		0		NW
59		314362	316280.6	240	1		True		True		True		(0.0, 0.0, 0.0)		0.7098237		0		NW
60		318378.5	320237.7	280	1		True		True		True		(0.0, 0.0, 0.0)		0.6554562		0		SE
61		322398.4	324398.4	280	1		False		True		False		(0.0, 0.0, 0.0)		0.802437		0		NE
62		326419.4	327799.8	320	1		True		True		True		(0.0, 0.0, 0.0)		0.7383657		0		SW
63		330434.3	331755.4	320	1		False		False		True		(0.0, 0.0, 0.0)		0.438674		0		SW
64		334454.8	336065.3	280	1		False		False		False		(0.0, 0.0, 0.0)		0.8282735		0		NE
65		338481.2	341727	240	1		False		False		False		(0.0, 0.0, 0.0)		0.2956652		0		SW
66		343756.4	344811.3	200	1		True		True		True		(0.0, 0.0, 0.0)		0.2580574		0		NE
67		347782.1	348721.4	200	1		False		True		False		(0.0, 0.0, 0.0)		0.9783679		0		SE
68		351802.2	352932	240	1		False		False		False		(0.0, 0.0, 0.0)		0.6096458		0		SW
69		355867.1	356795.2	200	1		False		False		True		(0.0, 0.0, 0.0)		0.5825206		0		NW
70		359886.9	361833.6	160	1		True		True		True		(0.0, 0.0, 0.0)		0.8488523		0		SE
71		363902.1	364915	160	1		True		True		True		(0.0, 0.0, 0.0)		0.5216446		0		SW
72		367913.1	368990.9	200	1		False		True		False		(0.0, 0.0, 0.0)		0.6109033		0		NW
73		371933	372943.9	200	1		False		False		False		(0.0, 0.0, 0.0)		0.9372508		0		NE
74		375946.6	377381.3	160	1		False		False		True		(0.0, 0.0, 0.0)		1.266459		0		NE
75		380234.4	381117.9	120	1		True		True		True		(0.0, 0.0, 0.0)		1.277636		0		SW
76		384250.3	385286.7	120	1		True		True		True		(0.0, 0.0, 0.0)		0.4004312		0		SE
77		388264.8	389394	160	1		True		True		True		(0.0, 0.0, 0.0)		0.418221		0		NW
78		392619.7	393751.9	160	1		True		True		True		(0.0, 0.0, 0.0)		0.6563883		0		SE
79		396638.7	397491.3	200	1		True		True		True		(0.0, 0.0, 0.0)		0.7614665		0		SW
80		400650.5	401600.8	200	1		True		True		True		(0.0, 0.0, 0.0)		0.6715022		0		NE
81		409799.4	410496.6	240	1		True		True		True		(0.0, 0.0, 0.0)		0.8882986		0		SW
82		413820.4	414751.9	240	1		True		True		True		(0.0, 0.0, 0.0)		1.028907		0		NW
83		417840.7	418746.7	280	1		False		False		False		(0.0, 0.0, 0.0)		1.068765		0		SW
84		421860.9	422940.6	240	1		False		False		True		(0.0, 0.0, 0.0)		1.499593		0		NW
85		426771.1	427719.9	200	1		True		True		True		(0.0, 0.0, 0.0)		0.8451164		0		SW
86		430797	431685.5	200	1		True		True		True		(0.0, 0.0, 0.0)		1.003844		0		SW
87		434818	435716.7	240	1		False		True		False		(0.0, 0.0, 0.0)		1.237143		0		SW
88		438829.3	439827.8	240	1		False		False		True		(0.0, 0.0, 0.0)		1.312656		0		SE
89		442857.6	444219.9	200	1		False		True		False		(0.0, 0.0, 0.0)		1.13116		0		NE
90		446879.5	448000.6	200	1		False		False		False		(0.0, 0.0, 0.0)		1.188188		0		NE
91		455225.4	456430.4	160	1		False		True		False		(0.0, 0.0, 0.0)		0.8782354		0		NW
92		459245.4	460229.5	160	1		True		True		True		(0.0, 0.0, 0.0)		1.200118		0		SE
93		463754.7	465037.2	200	1		False		False		False		(0.0, 0.0, 0.0)		1.126933		0		NE
94		467774.5	468664.8	160	1		True		True		True		(0.0, 0.0, 0.0)		1.110496		0		NE
95		471798.6	472735.7	160	1		True		True		True		(0.0, 0.0, 0.0)		1.122396		0		SE
96		475815.8	477035.2	200	1		False		False		True		(0.0, 0.0, 0.0)		1.266537		0		NW
97		479826.5	480664.5	160	1		True		True		True		(0.0, 0.0, 0.0)		0.9611125		0		SW
98		483840.5	486031.1	160	1		True		True		True		(0.0, 0.0, 0.0)		1.120234		0		NW
99		488399.3	489293.5	200	1		True		True		True		(0.0, 0.0, 0.0)		0.9978166		0		NE
100		492430.4	493792.9	200	1		False		False		False		(0.0, 0.0, 0.0)		0.9223392		0		SW
101		496706.5	497712.6	160	1		True		True		True		(0.0, 0.0, 0.0)		1.030033		0		SE
102		500738.5	501722.8	160	1		True		True		True		(0.0, 0.0, 0.0)		0.9189192		0		SE
103		504747.7	506191.8	200	1		False		False		True		(0.0, 0.0, 0.0)		0.8469052		0		NW
104		508770.9	509618.3	160	1		True		True		True		(0.0, 0.0, 0.0)		0.806843		0		SE
105		513177.4	514127.4	160	1		True		True		True		(0.0, 0.0, 0.0)		1.331577		0		NW
106		517197	518170.2	200	1		False		True		False		(0.0, 0.0, 0.0)		1.204764		0		SE
107		521208.2	522168.5	200	1		True		True		True		(0.0, 0.0, 0.0)		0.9803613		0		NE
108		525223	526438.8	240	1		False		False		True		(0.0, 0.0, 0.0)		1.005408		0		SE
109		529442.9	530342.4	200	1		True		True		True		(0.0, 0.0, 0.0)		0.7715298		0		SW
110		533463.4	534319	200	1		True		True		True		(0.0, 0.0, 0.0)		0.8455663		0		SW
111		537484.3	538047.7	240	1		False		True		False		(0.0, 0.0, 0.0)		0.6524829		0		SE
112		541504.3	542426.8	240	1		True		True		True		(0.0, 0.0, 0.0)		0.6526715		0		NE
113		545529.1	546291.6	280	1		True		True		True		(0.0, 0.0, 0.0)		0.5070558		0		NE
114		550051.7	550644.9	280	1		False		True		False		(0.0, 0.0, 0.0)		0.7819664		0		NW
115		554070.9	555735.7	320	1		False		True		False		(0.0, 0.0, 0.0)		0.895631		0		SE
116		558170.1	559010.1	320	1		True		True		True		(0.0, 0.0, 0.0)		0.852554		0		NE
117		562189.6	562961.9	338	1		True		True		True		(0.0, 0.0, 0.0)		0.9222945		0		NE
118		566209.6	567026.9	338	1		True		True		True		(0.0, 0.0, 0.0)		0.5766316		0		NE
119		570574.9	572297.6	338	1		False		False		False		(0.0, 0.0, 0.0)		0.6735649		0		SW
120		578788.6	579787.8	320	1		False		False		True		(0.0, 0.0, 0.0)		0.7727769		0		SE
121		583080.4	584026.4	280	1		True		True		True		(0.0, 0.0, 0.0)		0.8774191		0		SE
122		587203.6	588241.4	280	1		True		True		True		(0.0, 0.0, 0.0)		0.430073		0		NE
123		591221.6	592260.5	320	1		False		False		True		(0.0, 0.0, 0.0)		0.480062		0		SW
124		595241.8	596036.8	280	1		True		True		True		(0.0, 0.0, 0.0)		0.4190307		0		NE
125		599267.2	600286.4	280	1		False		False		True		(0.0, 0.0, 0.0)		0.5713552		0		SE
126		603283	604543.8	240	1		True		True		True		(0.0, 0.0, 0.0)		0.7633732		0		NE
127		607304.4	608208.8	240	1		False		True		False		(0.0, 0.0, 0.0)		0.6623188		0		NW
128		611313.4	612203.2	280	1		False		True		False		(0.0, 0.0, 0.0)		0.5751365		0		SE
129		615333.5	616412.9	280	1		True		True		True		(0.0, 0.0, 0.0)		0.7742789		0		NE
130		619354.3	620337.9	320	1		True		True		True		(0.0, 0.0, 0.0)		0.8994153		0		NE
131		623363.2	624340.3	320	1		False		True		False		(0.0, 0.0, 0.0)		0.9034482		0		NW
132		627373.1	628378.9	338	1		True		True		True		(0.0, 0.0, 0.0)		0.814531		0		SW
133		631383.6	632310.4	338	1		False		True		False		(0.0, 0.0, 0.0)		0.7035529		0		SW
134		635408.6	636419.3	338	1		True		True		True		(0.0, 0.0, 0.0)		0.4618337		0		NE
135		639421.8	640547.9	338	1		False		False		True		(0.0, 0.0, 0.0)		0.6323902		0		SW
136		643436.2	644415.9	320	1		False		False		False		(0.0, 0.0, 0.0)		0.3506371		0		SW
137		647453.1	648269.4	280	1		True		True		True		(0.0, 0.0, 0.0)		0.4712206		0		NW
138		651472.6	652434.6	280	1		False		False		True		(0.0, 0.0, 0.0)		0.6678094		0		SE
139		655485.3	656377.5	240	1		False		True		False		(0.0, 0.0, 0.0)		0.5561598		0		NW
140		659504.7	660556.4	240	1		False		True		False		(0.0, 0.0, 0.0)		0.4409818		0		NE
141		663513.9	664598.4	280	1		False		False		True		(0.0, 0.0, 0.0)		0.6259127		0		SW
142		667522.2	668517.3	240	1		True		True		True		(0.0, 0.0, 0.0)		0.4268799		0		NW
143		671543.6	672405	240	1		True		True		True		(0.0, 0.0, 0.0)		0.1303475		0		NE
144		675574.1	676851.1	280	1		False		False		False		(0.0, 0.0, 0.0)		0.4050628		0		SW
145		679585	681089	240	1		False		True		False		(0.0, 0.0, 0.0)		0.3431312		0		NW
146		683594.9	684456.3	240	1		False		False		True		(0.0, 0.0, 0.0)		0.6856052		0		SW
147		687624.6	688685.4	200	1		True		True		True		(0.0, 0.0, 0.0)		0.4985698		0		SE
148		691656.4	692906.4	200	1		False		False		True		(0.0, 0.0, 0.0)		0.6752123		0		SE
149		695688.1	697315.3	160	1		True		True		True		(0.0, 0.0, 0.0)		0.8189415		0		NW
150		699993.3	700935.8	160	1		True		True		True		(0.0, 0.0, 0.0)		0.4937635		0		NE
151		704250.4	705245.4	200	1		True		True		True		(0.0, 0.0, 0.0)		0.645027		0		SE
152		708526.6	709455.1	200	1		True		True		True		(0.0, 0.0, 0.0)		0.6313306		0		NW
153		712804.6	714324	240	1		False		True		False		(0.0, 0.0, 0.0)		0.7870132		0		SE
154		716821.9	717790.6	240	1		False		True		False		(0.0, 0.0, 0.0)		0.6242803		0		NW
155		720845.8	721752.6	280	1		True		True		True		(0.0, 0.0, 0.0)		0.5905161		0		SW
156		724864.2	725934.4	280	1		False		True		False		(0.0, 0.0, 0.0)		0.1628033		0		SE
157		728885	729790.8	320	1		True		True		True		(0.0, 0.0, 0.0)		0.3793736		0		NW
158		733327.5	734288.9	320	1		False		True		False		(0.0, 0.0, 0.0)		1.118105		0		NW
159		738225.1	739664.4	338	1		True		True		True		(0.0, 0.0, 0.0)		0.5757403		0		NE
160		742856.8	743840.1	338	1		False		False		False		(0.0, 0.0, 0.0)		0.4293579		0		SE
161		746873.1	747838.9	320	1		False		False		False		(0.0, 0.0, 0.0)		0.3767332		0		SW
162		750930.6	752014.1	280	1		True		True		True		(0.0, 0.0, 0.0)		0.4189067		0		SE
163		755251.1	756590.8	280	1		False		False		False		(0.0, 0.0, 0.0)		0.601362		0		SW
164		759551.5	760512.3	240	1		False		True		False		(0.0, 0.0, 0.0)		0.6232988		0		NW
165		763575.6	764620.7	240	1		True		True		True		(0.0, 0.0, 0.0)		0.5713318		0		NW
166		768051.7	769287.8	280	1		True		True		True		(0.0, 0.0, 0.0)		0.6787962		0		NW
167		772432.3	773511.4	280	1		False		True		False		(0.0, 0.0, 0.0)		0.3840929		0		SE
168		776442.9	777669.9	320	1		False		True		False		(0.0, 0.0, 0.0)		0.6414379		0		NE
169		781059	782126.1	320	1		False		True		False		(0.0, 0.0, 0.0)		0.7955231		0		NW
170		785083.8	786611	338	1		False		False		True		(0.0, 0.0, 0.0)		0.337779		0		NE
171		789180.6	790276	320	1		False		True		False		(0.0, 0.0, 0.0)		0.6292151		0		SE
172		793198.1	794296.8	320	1		True		True		True		(0.0, 0.0, 0.0)		0.6656358		0		NE
173		797212.9	798649.1	338	1		False		True		False		(0.0, 0.0, 0.0)		0.7198291		0		NW
174		801223.2	803048.3	338	1		False		False		False		(0.0, 0.0, 0.0)		0.4864337		0		SE
175		805473.1	807015.9	320	1		False		False		True		(0.0, 0.0, 0.0)		0.7617179		0		SE
176		809492.1	810407.3	280	1		False		True		False		(0.0, 0.0, 0.0)		0.7655134		0		NE
177		813516.8	814676.6	280	1		False		False		False		(0.0, 0.0, 0.0)		0.3479709		0		SW
178		817896.9	819576.1	240	1		False		False		False		(0.0, 0.0, 0.0)		0.7297628		0		NE
179		822244.4	823308.2	200	1		True		True		True		(0.0, 0.0, 0.0)		0.5622367		0		SW
180		826264.9	827348.9	200	1		False		True		False		(0.0, 0.0, 0.0)		0.7677242		0		NW
181		830285.6	831402.3	240	1		False		True		False		(0.0, 0.0, 0.0)		0.6744097		0		NE
182		834372.9	835161	240	1		False		True		False		(0.0, 0.0, 0.0)		0.5530506		0		SE
183		838393.8	839555.3	280	1		False		True		False		(0.0, 0.0, 0.0)		0.5101148		0		SE
184		842413.7	843791.9	280	1		True		True		True		(0.0, 0.0, 0.0)		0.651514		0		NE
185		846423.6	848220.6	320	1		False		True		False		(0.0, 0.0, 0.0)		0.6409259		0		NW
186		850477	851615.6	320	1		False		False		False		(0.0, 0.0, 0.0)		0.6100469		0		NW
187		854497.9	855313.8	280	1		False		True		False		(0.0, 0.0, 0.0)		0.5497147		0		SE
188		858513.3	860014.8	280	1		True		True		True		(0.0, 0.0, 0.0)		0.7615945		0		SE
189		862537.9	863688.6	320	1		False		False		True		(0.0, 0.0, 0.0)		0.7156777		0		NW
190		866547.5	867986.2	280	1		True		True		True		(0.0, 0.0, 0.0)		0.6103525		0		SW
191		870564.8	871662.8	280	1		False		False		True		(0.0, 0.0, 0.0)		0.4787275		0		SE
192		874578.6	875738.9	240	1		False		False		True		(0.0, 0.0, 0.0)		0.6200938		0		SW
193		878597.8	879825.9	200	1		True		True		True		(0.0, 0.0, 0.0)		0.6368819		0		NW
194		882607	883541.5	200	1		True		True		True		(0.0, 0.0, 0.0)		0.6128314		0		SW
195		886618.6	887866.1	240	1		False		False		True		(0.0, 0.0, 0.0)		0.6646401		0		SE
196		890971.5	892290.8	200	1		True		True		True		(0.0, 0.0, 0.0)		0.8804656		0		NW
197		894997.1	896245	200	1		False		False		True		(0.0, 0.0, 0.0)		0.390587		0		SE
198		899022.6	899884.8	160	1		True		True		True		(0.0, 0.0, 0.0)		0.7384019		0		NE
199		903049.4	903972.7	160	1		True		True		True		(0.0, 0.0, 0.0)		0.7723931		0		NW
200		907070.9	907879.7	200	1		True		True		True		(0.0, 0.0, 0.0)		0.6711931		0		SW
201		911084.6	912723.2	200	1		False		False		True		(0.0, 0.0, 0.0)		0.4108596		0		SE
202		915103.9	915884.1	160	1		True		True		True		(0.0, 0.0, 0.0)		0.8708856		0		SW
203		919115.7	920024.4	160	1		True		True		True		(0.0, 0.0, 0.0)		0.8581989		0		NW
204		923134.2	924128.8	200	1		False		True		False		(0.0, 0.0, 0.0)		0.8029169		0		NW
205		927142.2	928496.8	200	1		True		True		True		(0.0, 0.0, 0.0)		0.6303728		0		NE
206		931361.5	932494.9	240	1		True		True		True		(0.0, 0.0, 0.0)		0.5626634		0		NE
207		935390.9	936570.9	240	1		False		False		False		(0.0, 0.0, 0.0)		0.6955502		0		SW
208		939405.8	940318.6	200	1		False		True		False		(0.0, 0.0, 0.0)		0.8845772		0		SE
209		943425.6	944319.8	200	1		False		True		False		(0.0, 0.0, 0.0)		0.8125421		0		NW
210		947744.8	948497.3	240	1		False		True		False		(0.0, 0.0, 0.0)		0.701137		0		SE
211		951755.3	952721.6	240	1		True		True		True		(0.0, 0.0, 0.0)		1.151998		0		NE
212		956006.5	957540.9	280	1		True		True		True		(0.0, 0.0, 0.0)		1.172837		0		NE
213		960302.8	961805.6	280	1		False		False		True		(0.0, 0.0, 0.0)		0.7063128		0		SE
214		964323.8	965410.8	240	1		True		True		True		(0.0, 0.0, 0.0)		0.9096765		0		NW
215		968354.2	969969.9	240	1		False		False		False		(0.0, 0.0, 0.0)		0.8817633		0		SE
216		972375.6	973319.6	200	1		True		True		True		(0.0, 0.0, 0.0)		0.5238671		0		NE
217		976441.3	977610.5	200	1		True		True		True		(0.0, 0.0, 0.0)		1.025982		0		NW
218		980454.6	981874.3	240	1		True		True		True		(0.0, 0.0, 0.0)		1.175549		0		SW
219		984469.5	985515.5	240	1		False		False		True		(0.0, 0.0, 0.0)		0.6881406		0		NE
220		988479.3	989456.4	200	1		False		True		False		(0.0, 0.0, 0.0)		1.189736		0		SE
221		992502.5	993366.1	200	1		True		True		True		(0.0, 0.0, 0.0)		0.9341118		0		NE
222		996524.4	997654.6	240	1		False		True		False		(0.0, 0.0, 0.0)		0.98181		0		NE
223		1000811	1001701	240	1		True		True		True		(0.0, 0.0, 0.0)		0.8216761		0		SE
224		1004829	1006087	280	1		False		False		True		(0.0, 0.0, 0.0)		1.148584		0		SE
225		1008848	1009910	240	1		False		False		True		(0.0, 0.0, 0.0)		0.9570491		0		SW
226		1012858	1013705	200	1		True		True		True		(0.0, 0.0, 0.0)		1.138263		0		NE
227		1017176	1019115	200	1		True		True		True		(0.0, 0.0, 0.0)		1.412275		0		SW
228		1021203	1022599	240	1		False		True		False		(0.0, 0.0, 0.0)		0.817713		0		NW
229		1025216	1027607	240	1		False		True		False		(0.0, 0.0, 0.0)		1.212063		0		NE
230		1029233	1031154	280	1		True		True		True		(0.0, 0.0, 0.0)		0.474605		0		SW
231		1033332	1035574	280	1		True		True		True		(0.0, 0.0, 0.0)		1.172724		0		NW
232		1037408	1039295	320	1		True		True		True		(0.0, 0.0, 0.0)		1.145209		0		SE
233		1041429	1043416	320	1		False		True		False		(0.0, 0.0, 0.0)		0.6543819		0		SE
234		1045866	1047100	338	1		False		True		False		(0.0, 0.0, 0.0)		0.8923098		0		NW
235		1050402	1052318	338	1		False		False		True		(0.0, 0.0, 0.0)		0.3765444		0		SE
236		1054678	1056239	320	1		True		True		True		(0.0, 0.0, 0.0)		0.5156355		0		NE
237		1058710	1060676	320	1		True		True		True		(0.0, 0.0, 0.0)		0.5990775		0		NW
238		1063302	1066341	338	1		False		False		False		(0.0, 0.0, 0.0)		0.6432526		0		SW
239		1068778	1070002	320	1		True		True		True		(0.0, 0.0, 0.0)		0.4440614		0		NE
240		1072804	1074467	320	1		False		False		False		(0.0, 0.0, 0.0)		0.8661264		0		NE
241		1077098	1078532	280	1		True		True		True		(0.0, 0.0, 0.0)		0.82133		0		NE
242		1081112	1082251	280	1		False		False		False		(0.0, 0.0, 0.0)		0.6868021		0		SW
243		1085126	1086619	240	1		False		False		True		(0.0, 0.0, 0.0)		0.7068688		0		NW
244		1089502	1091063	200	1		True		True		True		(0.0, 0.0, 0.0)		0.7915282		0		SE
245		1093524	1094727	200	1		True		True		True		(0.0, 0.0, 0.0)		0.388335		0		NE
246		1097547	1098720	240	1		True		True		True		(0.0, 0.0, 0.0)		1.012994		0		SW
247		1105584	1106730	240	1		True		True		True		(0.0, 0.0, 0.0)		1.007104		0		NE
248		1109607	1111305	280	1		False		False		False		(0.0, 0.0, 0.0)		0.3033		0		SW
249		1113660	1115940	240	1		False		True		False		(0.0, 0.0, 0.0)		1.021422		0		SE
250		1118445	1119769	240	1		True		True		True		(0.0, 0.0, 0.0)		0.9453154		0		NW
251		1122477	1123394	280	1		True		True		True		(0.0, 0.0, 0.0)		0.7254748		0		NE
252		1126491	1128013	280	1		False		False		False		(0.0, 0.0, 0.0)		0.9637392		0		SW
253		1130501	1131525	240	1		False		False		True		(0.0, 0.0, 0.0)		0.587858		0		SE
254		1134520	1135426	200	1		True		True		True		(0.0, 0.0, 0.0)		0.6826004		0		SW
255		1138533	1139503	200	1		True		True		True		(0.0, 0.0, 0.0)		0.5530479		0		SE
256		1142541	1143392	240	1		True		True		True		(0.0, 0.0, 0.0)		0.8132365		0		SW
257		1146561	1148222	240	1		False		False		False		(0.0, 0.0, 0.0)		0.767037		0		NW
258		1150581	1152239	200	1		True		True		True		(0.0, 0.0, 0.0)		0.4396765		0		NW
259		1154600	1155474	200	1		True		True		True		(0.0, 0.0, 0.0)		0.8289516		0		SW
260		1158612	1160076	240	1		True		True		True		(0.0, 0.0, 0.0)		0.8319196		0		SE
261		1162632	1164359	240	1		False		True		False		(0.0, 0.0, 0.0)		1.027301		0		SE
262		1166919	1168840	280	1		True		True		True		(0.0, 0.0, 0.0)		1.019243		0		NE
263		1170928	1172131	280	1		False		True		False		(0.0, 0.0, 0.0)		0.7906079		0		SE
264		1174960	1177024	320	1		False		True		False		(0.0, 0.0, 0.0)		0.8904547		0		SW
265		1179281	1180540	320	1		True		True		True		(0.0, 0.0, 0.0)		0.7644858		0		NE
266		1183290	1184499	338	1		True		True		True		(0.0, 0.0, 0.0)		1.005235		0		NE
267		1187320	1188354	338	1		False		True		False		(0.0, 0.0, 0.0)		0.8551154		0		NW
268		1191342	1192815	338	1		True		True		True		(0.0, 0.0, 0.0)		1.038789		0		NW
269		1195362	1196756	338	1		False		True		False		(0.0, 0.0, 0.0)		0.8321429		0		NE
270		1199660	1201794	338	1		False		False		False		(0.0, 0.0, 0.0)		0.6847396		0		NE
271		1204065	1205232	320	1		True		True		True		(0.0, 0.0, 0.0)		0.6674836		0		NE
272		1208089	1209161	320	1		True		True		True		(0.0, 0.0, 0.0)		0.8622495		0		NW
273		1212110	1213227	338	1		False		False		True		(0.0, 0.0, 0.0)		0.7758645		0		SW
274		1216126	1217451	320	1		False		False		False		(0.0, 0.0, 0.0)		0.7189919		0		SW
275		1220151	1221057	280	1		False		False		True		(0.0, 0.0, 0.0)		0.7278945		0		SE
276		1224172	1225414	240	1		True		True		True		(0.0, 0.0, 0.0)		0.7153935		0		SW
277		1228192	1229580	240	1		False		False		True		(0.0, 0.0, 0.0)		0.8781722		0		NW
278		1232201	1233132	200	1		True		True		True		(0.0, 0.0, 0.0)		0.8121983		0		NW
279		1236211	1237276	200	1		True		True		True		(0.0, 0.0, 0.0)		1.12041		0		NW
280		1240232	1242660	240	1		False		True		False		(0.0, 0.0, 0.0)		0.4420119		0		SW
281		1244951	1245947	240	1		True		True		True		(0.0, 0.0, 0.0)		0.9307207		0		NW
282		1248972	1250148	280	1		False		False		False		(0.0, 0.0, 0.0)		0.847533		0		SW
283		1252982	1253776	240	1		False		True		False		(0.0, 0.0, 0.0)		0.8277363		0		NW
284		1257008	1258634	240	1		True		True		True		(0.0, 0.0, 0.0)		0.7902696		0		NE
285		1261023	1262420	280	1		True		True		True		(0.0, 0.0, 0.0)		0.7515208		0		SW
286		1265043	1266631	280	1		False		True		False		(0.0, 0.0, 0.0)		0.948197		0		SW
287		1269063	1270213	320	1		False		True		False		(0.0, 0.0, 0.0)		1.168282		0		SE
288		1273314	1274268	320	1		False		True		False		(0.0, 0.0, 0.0)		1.033159		0		SE
289		1277333	1278359	338	1		False		False		False		(0.0, 0.0, 0.0)		0.737193		0		SW
290		1285387	1286407	320	1		False		False		False		(0.0, 0.0, 0.0)		0.544261		0		SE
291		1289417	1290290	280	1		False		True		False		(0.0, 0.0, 0.0)		0.8735718		0		NW
292		1293440	1294237	280	1		False		True		False		(0.0, 0.0, 0.0)		0.5001738		0		NW
293		1297456	1298535	320	1		False		False		True		(0.0, 0.0, 0.0)		0.6205281		0		SE
294		1301478	1302422	280	1		False		True		False		(0.0, 0.0, 0.0)		0.7200117		0		SW
295		1305499	1307776	280	1		True		True		True		(0.0, 0.0, 0.0)		0.6677773		0		SW
296		1309890	1311722	320	1		False		False		True		(0.0, 0.0, 0.0)		0.8174548		0		SW
297		1313910	1316042	280	1		False		False		False		(0.0, 0.0, 0.0)		0.5233627		0		SW
298		1317926	1319220	240	1		False		False		True		(0.0, 0.0, 0.0)		0.7901714		0		SW
299		1321949	1322869	200	1		False		True		False		(0.0, 0.0, 0.0)		0.716924		0		NW
300		1325969	1326912	200	1		False		False		True		(0.0, 0.0, 0.0)		0.9079272		0		SE
