TrialNumber	StartTime	EndTime	CoherenceAngle	StaircaseNumber	CombinedResponse	CorrectVertical	CorrectHorizontal	GazeErrorHeadErrorStimulusDirection
0		39086.05	40396.13	0	1		True		True		True		(0.0, 0.0, 0.0)		0.8673698		0		SE
1		50903.21	51986.6	0	1		True		True		True		(0.0, 0.0, 0.0)		0.3480939		0		NW
2		56698.84	57472.8	40	1		True		True		True		(0.0, 0.0, 0.0)		1.286829		0		NE
3		60710.3	61554.58	40	1		True		True		True		(0.0, 0.0, 0.0)		0.6682853		0		NE
4		64730.25	65703.02	80	1		True		True		True		(0.0, 0.0, 0.0)		0.4106512		0		SW
5		68750.77	69501.58	80	1		False		True		False		(0.0, 0.0, 0.0)		0.697962		0		SE
6		72771.96	73767.27	120	1		True		True		True		(0.0, 0.0, 0.0)		0.6857105		0		NE
7		76798.16	77812.94	120	1		True		True		True		(0.0, 0.0, 0.0)		0.6948472		0		NW
8		80818.3	82018.03	160	1		True		True		True		(0.0, 0.0, 0.0)		0.8880619		0		SW
9		84844.9	86751.3	160	1		False		False		True		(0.0, 0.0, 0.0)		0.5101777		0		SW
10		88900.91	89777.45	120	1		True		True		True		(0.0, 0.0, 0.0)		0.916912		0		SE
11		92925.58	93757.26	120	1		True		True		True		(0.0, 0.0, 0.0)		1.314865		0		NW
12		96949.55	98914.41	160	1		True		True		True		(0.0, 0.0, 0.0)		1.212512		0		NE
13		100970.3	102505.5	160	1		True		True		True		(0.0, 0.0, 0.0)		1.245153		0		NW
14		104990.8	106518.9	200	1		True		True		True		(0.0, 0.0, 0.0)		0.5274476		0		NW
15		109000.7	110642.3	200	1		True		True		True		(0.0, 0.0, 0.0)		0.7466368		0		SE
16		113020.5	114442.7	240	1		False		False		True		(0.0, 0.0, 0.0)		0.06949163		0		SW
17		117030.5	118060.2	200	1		True		True		True		(0.0, 0.0, 0.0)		0.6794124		0		NE
18		121050.5	122423.6	200	1		True		True		True		(0.0, 0.0, 0.0)		0.612706		0		SE
19		125078	125998.9	240	1		False		True		False		(0.0, 0.0, 0.0)		0.9048709		0		SE
20		129092.1	131168.7	240	1		True		True		True		(0.0, 0.0, 0.0)		0.9496108		0		SW
21		133118.1	135073.3	280	1		True		True		True		(0.0, 0.0, 0.0)		1.657117		0		SW
22		137143.8	138909.4	280	1		True		True		True		(0.0, 0.0, 0.0)		0.8523334		0		SW
23		141303.8	144119.7	320	1		False		True		False		(0.0, 0.0, 0.0)		1.132167		0		SE
24		145324.2	146738.5	320	1		True		True		True		(0.0, 0.0, 0.0)		1.019082		0		SW
25		149344.6	151715.3	338	1		False		False		True		(0.0, 0.0, 0.0)		1.326592		0		NE
26		153365.1	155886.1	320	1		True		True		True		(0.0, 0.0, 0.0)		0.8138321		0		NW
27		157385.4	159968.2	320	1		True		True		True		(0.0, 0.0, 0.0)		0.7152915		0		SE
28		161417.2	163528.1	338	1		False		False		True		(0.0, 0.0, 0.0)		1.461824		0		SE
29		165720.2	167328.9	320	1		False		True		False		(0.0, 0.0, 0.0)		0.2606904		0		NE
30		169751.7	171394.2	320	1		False		False		True		(0.0, 0.0, 0.0)		0.8318048		0		SE
31		173761.2	175341	280	1		True		True		True		(0.0, 0.0, 0.0)		1.017003		0		SE
32		181802.3	183201.5	280	1		False		False		True		(0.0, 0.0, 0.0)		1.431713		0		NW
33		185822.7	186701	240	1		True		True		True		(0.0, 0.0, 0.0)		0.8494567		0		NE
34		189843.3	191698.1	240	1		False		False		True		(0.0, 0.0, 0.0)		0.7422987		0		NW
35		193863.8	194654.8	200	1		True		True		True		(0.0, 0.0, 0.0)		0.618498		0		NE
36		197884.1	199127	200	1		True		True		True		(0.0, 0.0, 0.0)		0.5990794		0		SW
37		201904.6	203115.8	240	1		False		False		True		(0.0, 0.0, 0.0)		0.561828		0		SW
38		205925.4	207811.1	200	1		True		True		True		(0.0, 0.0, 0.0)		0.755727		0		SW
39		210018.5	211534.5	200	1		True		True		True		(0.0, 0.0, 0.0)		0.5102676		0		NW
40		214039.1	216593.4	240	1		False		False		False		(0.0, 0.0, 0.0)		0.6974317		0		NE
41		218059.7	219475.6	200	1		False		False		True		(0.0, 0.0, 0.0)		1.296609		0		SW
42		222076.3	223068.5	160	1		True		True		True		(0.0, 0.0, 0.0)		1.055683		0		NE
43		226089.5	227524.3	160	1		True		True		True		(0.0, 0.0, 0.0)		0.5122172		0		SW
44		230111	231447.5	200	1		False		False		True		(0.0, 0.0, 0.0)		0.5202677		0		SW
45		234135.3	235698.4	160	1		True		True		True		(0.0, 0.0, 0.0)		0.884842		0		SW
46		238155.8	239550.5	160	1		True		True		True		(0.0, 0.0, 0.0)		1.056399		0		SW
47		242176.5	243595.7	200	1		False		False		True		(0.0, 0.0, 0.0)		0.2960772		0		NE
48		246196.9	247269.2	160	1		True		True		True		(0.0, 0.0, 0.0)		1.01615		0		SE
49		250217.2	251397.2	160	1		True		True		True		(0.0, 0.0, 0.0)		1.014264		0		NE
50		254238	255309.9	200	1		True		True		True		(0.0, 0.0, 0.0)		0.8864881		0		NW
51		258258.4	260090.9	200	1		False		False		True		(0.0, 0.0, 0.0)		0.4906609		0		SW
52		262278.9	263217.7	160	1		True		True		True		(0.0, 0.0, 0.0)		0.5126325		0		SE
53		266299.3	267249.5	160	1		True		True		True		(0.0, 0.0, 0.0)		0.5025064		0		SW
54		270308.5	271372.1	200	1		False		False		True		(0.0, 0.0, 0.0)		0.6960869		0		SW
55		274329.1	275650.8	160	1		True		True		True		(0.0, 0.0, 0.0)		0.8179129		0		SE
56		278338.1	279593.6	160	1		True		True		True		(0.0, 0.0, 0.0)		0.6426106		0		NW
57		282348.2	283736.3	200	1		True		True		True		(0.0, 0.0, 0.0)		0.8080263		0		NW
58		286379.5	287396.2	200	1		True		True		True		(0.0, 0.0, 0.0)		0.7596939		0		SW
59		290400.2	291699.1	240	1		True		True		True		(0.0, 0.0, 0.0)		1.402681		0		NE
60		294419.5	295526.4	240	1		True		True		True		(0.0, 0.0, 0.0)		0.6014002		0		NW
61		298451.2	299884.5	280	1		True		True		True		(0.0, 0.0, 0.0)		1.005674		0		NW
62		302468.1	303827.7	280	1		True		True		True		(0.0, 0.0, 0.0)		0.6718663		0		NE
63		306710.9	308254.6	320	1		True		True		True		(0.0, 0.0, 0.0)		0.8031535		0		NE
64		310735.3	312310.9	320	1		False		False		True		(0.0, 0.0, 0.0)		1.322992		0		SE
65		314754.4	315711.5	280	1		True		True		True		(0.0, 0.0, 0.0)		1.269379		0		NE
66		318776.6	319632.7	280	1		False		True		False		(0.0, 0.0, 0.0)		0		0		SE
67		324663	325749.5	320	1		True		True		True		(0.0, 0.0, 0.0)		0.4265952		0		SW
68		328683.5	330171.7	320	1		True		True		True		(0.0, 0.0, 0.0)		0.781501		0		SW
69		332714.7	333985.9	338	1		False		False		True		(0.0, 0.0, 0.0)		1.267152		0		NE
70		336736.2	337758.7	320	1		True		True		True		(0.0, 0.0, 0.0)		1.015647		0		SE
71		349696.7	351707	320	1		True		True		True		(0.0, 0.0, 0.0)		1.358963		0		SW
72		353717.6	355048.9	338	1		False		True		False		(0.0, 0.0, 0.0)		1.049499		0		NE
73		358211.8	359351.4	338	1		True		True		True		(0.0, 0.0, 0.0)		0.5884039		0		NE
74		362280.6	363309	338	1		True		True		True		(0.0, 0.0, 0.0)		0.4495687		0		SW
75		366300.8	368255.4	338	1		False		False		True		(0.0, 0.0, 0.0)		0.7839091		0		NW
76		372797.6	373862.4	320	1		False		True		False		(0.0, 0.0, 0.0)		1.186353		0		NE
77		376818.4	377857.5	320	1		True		True		True		(0.0, 0.0, 0.0)		0.682107		0		NW
78		380839	381768.8	338	1		False		False		True		(0.0, 0.0, 0.0)		0.8388038		0		NE
79		384848.3	385809.6	320	1		False		False		True		(0.0, 0.0, 0.0)		0.6309515		0		SW
80		388869	389974.5	280	1		False		False		True		(0.0, 0.0, 0.0)		0.7209013		0		NE
81		393179	395113.9	240	1		False		False		True		(0.0, 0.0, 0.0)		0.8064735		0		NE
82		397198.5	398372.5	200	1		True		True		True		(0.0, 0.0, 0.0)		0.8426098		0		NE
83		401216	402111.1	200	1		True		True		True		(0.0, 0.0, 0.0)		0.6997621		0		NW
84		405235	406391.8	240	1		False		False		True		(0.0, 0.0, 0.0)		0.8519531		0		SW
85		409501.7	410516.8	200	1		True		True		True		(0.0, 0.0, 0.0)		0.8753714		0		SE
86		413523.3	415748.9	200	1		False		False		True		(0.0, 0.0, 0.0)		1.114736		0		SW
87		417535	418575.7	160	1		True		True		True		(0.0, 0.0, 0.0)		0.7353151		0		NW
88		421554.6	422949.9	160	1		True		True		True		(0.0, 0.0, 0.0)		0.519754		0		SE
89		425564.1	426614.4	200	1		True		True		True		(0.0, 0.0, 0.0)		0.8187198		0		SW
90		429584.6	430585.5	200	1		True		True		True		(0.0, 0.0, 0.0)		1.134639		0		SE
91		433605.1	434688.4	240	1		True		True		True		(0.0, 0.0, 0.0)		0.2516953		0		NE
92		437636.6	439076.7	240	1		True		True		True		(0.0, 0.0, 0.0)		0.843201		0		SE
93		441657	443645.4	280	1		True		True		True		(0.0, 0.0, 0.0)		0.7517139		0		NE
94		445662.8	446996.6	280	1		True		True		True		(0.0, 0.0, 0.0)		0.9179097		0		SE
95		449676	450626.1	320	1		False		False		True		(0.0, 0.0, 0.0)		0.7489192		0		SE
96		453696.3	455258.6	280	1		False		True		False		(0.0, 0.0, 0.0)		1.030174		0		NW
97		457717.1	459372	280	1		True		True		True		(0.0, 0.0, 0.0)		0.7747669		0		NE
98		461737.7	463203.3	320	1		False		False		True		(0.0, 0.0, 0.0)		0.7689403		0		NW
99		465758.2	466999.5	280	1		True		True		True		(0.0, 0.0, 0.0)		0.7126768		0		SE
100		469778.5	470931	280	1		False		False		True		(0.0, 0.0, 0.0)		0.9100532		0		SW
101		473798.8	475836.6	240	1		False		False		True		(0.0, 0.0, 0.0)		0.9054979		0		NE
102		481840.7	483094.9	200	1		True		True		True		(0.0, 0.0, 0.0)		0.7097235		0		SW
103		485860.3	486980.5	200	1		True		True		True		(0.0, 0.0, 0.0)		1.003689		0		SE
104		489881.4	491042.5	240	1		False		False		True		(0.0, 0.0, 0.0)		0.7269357		0		NW
105		493890.7	495300.1	200	1		False		False		True		(0.0, 0.0, 0.0)		0.8289359		0		NW
106		497916.8	499355	160	1		True		True		True		(0.0, 0.0, 0.0)		0.7675808		0		SW
107		501937.8	502993.2	160	1		True		True		True		(0.0, 0.0, 0.0)		0.7616892		0		NW
108		505959.3	507181.3	200	1		True		True		True		(0.0, 0.0, 0.0)		0.8815721		0		SW
109		509978.6	511226.5	200	1		True		True		True		(0.0, 0.0, 0.0)		0.5231838		0		NE
110		513999	515370.5	240	1		True		True		True		(0.0, 0.0, 0.0)		0.6174832		0		SE
111		518019.8	520690.3	240	1		False		False		True		(0.0, 0.0, 0.0)		0.7462195		0		NE
112		522039.8	522908.6	200	1		False		True		False		(0.0, 0.0, 0.0)		0.9393988		0		NE
113		526060.4	528095.6	200	1		True		True		True		(0.0, 0.0, 0.0)		0.7404507		0		NW
114		530082.6	532407.9	240	1		True		True		True		(0.0, 0.0, 0.0)		0.4645301		0		NW
115		534104.1	535747.1	240	1		True		True		True		(0.0, 0.0, 0.0)		0.8428773		0		SE
116		538124	539358.3	280	1		True		True		True		(0.0, 0.0, 0.0)		0.6879557		0		NW
117		542145.4	543586.2	280	1		True		True		True		(0.0, 0.0, 0.0)		0.4610718		0		SW
118		546167.8	547495.8	320	1		False		False		True		(0.0, 0.0, 0.0)		0.6201437		0		NW
119		550188.2	551639.3	280	1		True		True		True		(0.0, 0.0, 0.0)		0.3671373		0		SW
120		554208.8	555274.3	280	1		True		True		True		(0.0, 0.0, 0.0)		0.4127009		0		NW
121		558240.5	559354.2	320	1		True		True		True		(0.0, 0.0, 0.0)		0.780561		0		SW
122		562271.9	563768.6	320	1		False		False		False		(0.0, 0.0, 0.0)		0.4431569		0		NE
123		566289.4	567734.1	280	1		True		True		True		(0.0, 0.0, 0.0)		0.422036		0		SE
124		570313.4	571642.6	280	1		False		False		True		(0.0, 0.0, 0.0)		0.9314135		0		NE
125		574333.4	575306	240	1		False		False		True		(0.0, 0.0, 0.0)		0.7966561		0		SW
126		578342.7	579313.6	200	1		False		False		True		(0.0, 0.0, 0.0)		0.8928455		0		SE
127		582363.3	583558.2	160	1		True		True		True		(0.0, 0.0, 0.0)		0.54294		0		SW
128		586384.6	587353.5	160	1		True		True		True		(0.0, 0.0, 0.0)		0.3561899		0		SE
129		590404.4	591543.6	200	1		True		True		True		(0.0, 0.0, 0.0)		0.5848874		0		SW
130		594424.9	595428.8	200	1		True		True		True		(0.0, 0.0, 0.0)		0.3132474		0		SE
131		598445.1	599452.9	240	1		False		False		True		(0.0, 0.0, 0.0)		0.4820203		0		NE
132		602454.6	604016.4	200	1		True		True		True		(0.0, 0.0, 0.0)		0.5048577		0		SW
133		606475.2	607636.8	200	1		True		True		True		(0.0, 0.0, 0.0)		0.7252678		0		NW
134		610496	612087.4	240	1		True		True		True		(0.0, 0.0, 0.0)		1.106551		0		NW
135		614515.4	615667.2	240	1		True		True		True		(0.0, 0.0, 0.0)		0.5192832		0		NE
136		618536.9	619880.3	280	1		False		False		True		(0.0, 0.0, 0.0)		0.4589492		0		SW
137		622557.3	623892.9	240	1		True		True		True		(0.0, 0.0, 0.0)		0.4976714		0		SE
138		626577.7	627594.6	240	1		True		True		True		(0.0, 0.0, 0.0)		0.6083606		0		NW
139		630693.1	631703.8	280	1		False		True		False		(0.0, 0.0, 0.0)		0.3741609		0		NW
140		634718.8	635905.1	280	1		True		True		True		(0.0, 0.0, 0.0)		0.6563179		0		SE
141		638750.4	640033.9	320	1		False		False		True		(0.0, 0.0, 0.0)		0.6988533		0		SE
142		642771.1	643776.3	280	1		True		True		True		(0.0, 0.0, 0.0)		0.8552892		0		SE
143		646792.1	648258.4	280	1		True		True		True		(0.0, 0.0, 0.0)		0.333712		0		NW
144		650811.6	652066.8	320	1		False		False		True		(0.0, 0.0, 0.0)		0.6129604		0		NE
145		654843.2	656052.6	280	1		False		False		True		(0.0, 0.0, 0.0)		0.6749014		0		SW
146		658863.8	660016.1	240	1		True		True		True		(0.0, 0.0, 0.0)		0.5492203		0		NE
147		662884.3	664115.3	240	1		True		True		True		(0.0, 0.0, 0.0)		0.2453069		0		SE
148		666904.9	668093.1	280	1		False		False		True		(0.0, 0.0, 0.0)		0.9928011		0		SW
149		670936.3	672149.4	240	1		True		True		True		(0.0, 0.0, 0.0)		0.5505213		0		NW
150		674957	675997.4	240	1		False		True		False		(0.0, 0.0, 0.0)		0.4216047		0		NE
151		678988.4	680732.4	280	1		True		True		True		(0.0, 0.0, 0.0)		0.5681248		0		NW
152		683003.1	684195.7	280	1		False		False		True		(0.0, 0.0, 0.0)		0.9033666		0		NE
153		687022.1	688239	240	1		False		False		True		(0.0, 0.0, 0.0)		0.4339846		0		SW
154		691042.7	692361	200	1		False		False		True		(0.0, 0.0, 0.0)		0.6713918		0		NE
155		695054.4	696177.9	160	1		True		True		True		(0.0, 0.0, 0.0)		0.5615014		0		SW
156		699075.4	700118.8	160	1		True		True		True		(0.0, 0.0, 0.0)		0.5978022		0		NW
157		703084.5	704128.4	200	1		False		True		False		(0.0, 0.0, 0.0)		0.6279067		0		NW
158		707105.5	709214.9	200	1		False		False		True		(0.0, 0.0, 0.0)		0.6254876		0		NW
159		711125.3	712212.7	160	1		True		True		True		(0.0, 0.0, 0.0)		0.5998648		0		NW
160		715134.9	716200.9	160	1		True		True		True		(0.0, 0.0, 0.0)		0.4753813		0		NW
161		719155.5	720110.9	200	1		True		True		True		(0.0, 0.0, 0.0)		0.5261417		0		NW
162		723166.7	724197.5	200	1		True		True		True		(0.0, 0.0, 0.0)		0.9803419		0		NW
163		727185.1	728262.9	240	1		False		False		True		(0.0, 0.0, 0.0)		0.526893		0		SE
164		731208.6	732397	200	1		False		False		True		(0.0, 0.0, 0.0)		0.3377756		0		SW
165		735227.1	736103.3	160	1		True		True		True		(0.0, 0.0, 0.0)		0.4012864		0		SE
166		739249.5	741419.1	160	1		True		True		True		(0.0, 0.0, 0.0)		0.6908941		0		NW
167		743268.4	744534.4	200	1		False		False		True		(0.0, 0.0, 0.0)		0.6527452		0		NW
168		747279.8	748164.9	160	1		True		True		True		(0.0, 0.0, 0.0)		0.6930122		0		NW
169		751301.2	752088.6	160	1		True		True		True		(0.0, 0.0, 0.0)		0.6009851		0		NE
170		755332.1	756476.6	200	1		True		True		True		(0.0, 0.0, 0.0)		0.5113719		0		NE
171		759350.4	760315	200	1		True		True		True		(0.0, 0.0, 0.0)		0.2745048		0		NW
172		763374.3	764642.6	240	1		True		True		True		(0.0, 0.0, 0.0)		1.005172		0		SE
173		767394.8	768284.2	240	1		True		True		True		(0.0, 0.0, 0.0)		0.6846263		0		NE
174		771426.9	772887.9	280	1		False		False		True		(0.0, 0.0, 0.0)		0.6833357		0		SW
175		775442.8	777204.3	240	1		False		False		True		(0.0, 0.0, 0.0)		0.5132458		0		NW
176		779467.6	780529.8	200	1		False		False		True		(0.0, 0.0, 0.0)		0.3366412		0		SE
177		783488.3	784517.4	160	1		True		True		True		(0.0, 0.0, 0.0)		0.3945123		0		NE
178		787519.6	788629.3	160	1		True		True		True		(0.0, 0.0, 0.0)		0.7890519		0		SW
179		791540	792779.4	200	1		False		True		False		(0.0, 0.0, 0.0)		0.2283787		0		NW
180		795560.4	796326.6	200	1		True		True		True		(0.0, 0.0, 0.0)		0.4019449		0		NW
181		799580.9	801913.6	240	1		True		True		True		(0.0, 0.0, 0.0)		0.5460171		0		SW
182		803601.9	804564.8	240	1		False		False		True		(0.0, 0.0, 0.0)		0.7416708		0		NE
183		807633.7	808572.2	200	1		True		True		True		(0.0, 0.0, 0.0)		0.7222835		0		NW
184		811653.7	812859.2	200	1		True		True		True		(0.0, 0.0, 0.0)		0.7643194		0		SE
185		815685.3	816581.9	240	1		True		True		True		(0.0, 0.0, 0.0)		0.5960743		0		SE
186		819705.6	820600.3	240	1		False		False		True		(0.0, 0.0, 0.0)		0.4683523		0		NE
187		823737.4	824748.3	200	1		True		True		True		(0.0, 0.0, 0.0)		0.870936		0		SW
188		827757.8	828706.9	200	1		True		True		True		(0.0, 0.0, 0.0)		0.6509318		0		SE
189		831778.6	833307.8	240	1		True		True		True		(0.0, 0.0, 0.0)		0.6534053		0		SW
190		835799	837009.3	240	1		True		True		True		(0.0, 0.0, 0.0)		0.5140136		0		SW
191		839830.3	840936.3	280	1		False		False		True		(0.0, 0.0, 0.0)		1.009682		0		SE
192		844273.1	845479.8	240	1		True		True		True		(0.0, 0.0, 0.0)		0.4770497		0		NE
193		848293.3	849479.2	240	1		True		True		True		(0.0, 0.0, 0.0)		0.9096109		0		SW
194		852313.9	853846.6	280	1		True		True		True		(0.0, 0.0, 0.0)		0.8947139		0		NW
195		856334.6	858444.4	280	1		True		True		True		(0.0, 0.0, 0.0)		0.5291664		0		NW
196		860510.4	862166	320	1		True		True		True		(0.0, 0.0, 0.0)		0.3600477		0		NE
197		864531.5	866330.1	320	1		False		False		True		(0.0, 0.0, 0.0)		0.5251647		0		SE
198		868551.3	870252	280	1		False		False		True		(0.0, 0.0, 0.0)		0.4282181		0		NE
199		872571.9	873803.5	240	1		True		True		True		(0.0, 0.0, 0.0)		0.3476512		0		SE
200		876592.5	878021.3	240	1		True		True		True		(0.0, 0.0, 0.0)		0.4526322		0		SE
201		880612.9	881545.9	280	1		True		True		True		(0.0, 0.0, 0.0)		0.4827808		0		SE
202		884633.3	886721.6	280	1		False		False		True		(0.0, 0.0, 0.0)		0.4450337		0		SW
203		888649.6	889674.7	240	1		True		True		True		(0.0, 0.0, 0.0)		0.3548915		0		SE
204		892663	894162.6	240	1		True		True		True		(0.0, 0.0, 0.0)		0.4876538		0		NW
205		896683.9	898807.4	280	1		False		False		True		(0.0, 0.0, 0.0)		0.7139818		0		SE
206		900704.4	902430.1	240	1		True		True		True		(0.0, 0.0, 0.0)		0.6775537		0		SE
207		904735.7	906523.8	240	1		False		False		True		(0.0, 0.0, 0.0)		0.5042443		0		SW
208		908756.6	909786.9	200	1		True		True		True		(0.0, 0.0, 0.0)		0.7607982		0		NW
209		912776.8	913886.4	200	1		True		True		True		(0.0, 0.0, 0.0)		0.2062114		0		SE
210		916797.9	918271.9	240	1		False		False		False		(0.0, 0.0, 0.0)		0.7145153		0		SW
211		923416.8	924229.3	200	1		False		False		True		(0.0, 0.0, 0.0)		0.7535317		0		SW
212		927713.6	928709.3	160	1		True		True		True		(0.0, 0.0, 0.0)		0.1200546		0		SE
213		931746.3	932752.8	160	1		True		True		True		(0.0, 0.0, 0.0)		0.4465074		0		SW
214		935776.8	936707.1	200	1		True		True		True		(0.0, 0.0, 0.0)		0.5678362		0		NW
215		939798.4	941105.6	200	1		True		True		True		(0.0, 0.0, 0.0)		0.2120517		0		NW
216		943818.9	944817.8	240	1		True		True		True		(0.0, 0.0, 0.0)		0.1978639		0		NE
217		947850.4	949927.4	240	1		False		False		True		(0.0, 0.0, 0.0)		0.5785947		0		NW
218		951871.1	952833.6	200	1		True		True		True		(0.0, 0.0, 0.0)		0.821865		0		SE
219		955892.4	957568.6	200	1		True		True		True		(0.0, 0.0, 0.0)		0.6814259		0		NE
220		959912.2	962539.4	240	1		False		False		False		(0.0, 0.0, 0.0)		0.6090701		0		SE
221		964130.2	965922.9	200	1		False		False		True		(0.0, 0.0, 0.0)		0.5302572		0		SE
222		968152.9	969242.5	160	1		True		True		True		(0.0, 0.0, 0.0)		0.7373299		0		NE
223		972173.5	973417.4	160	1		True		True		True		(0.0, 0.0, 0.0)		0.6351832		0		SW
224		976194.7	977267.9	200	1		True		True		True		(0.0, 0.0, 0.0)		0.8265989		0		NE
225		980214.5	981301.9	200	1		True		True		True		(0.0, 0.0, 0.0)		0.1537462		0		NE
226		984246.1	985296.3	240	1		True		True		True		(0.0, 0.0, 0.0)		0.444335		0		SW
227		988261.6	989172.6	240	1		False		False		True		(0.0, 0.0, 0.0)		0.8000125		0		SW
228		995069.9	996741	200	1		True		True		True		(0.0, 0.0, 0.0)		0.8992799		0		NW
229		999088.8	1000013	200	1		True		True		True		(0.0, 0.0, 0.0)		0.9481746		0		NE
230		1003107	1004855	240	1		True		True		True		(0.0, 0.0, 0.0)		0.3761047		0		NW
231		1007135	1008021	240	1		False		True		False		(0.0, 0.0, 0.0)		0.3498669		0		NW
232		1012299	1013263	280	1		True		True		True		(0.0, 0.0, 0.0)		0.3379114		0		NW
233		1016317	1017827	280	1		True		True		True		(0.0, 0.0, 0.0)		0.7170694		0		NW
234		1020342	1021874	320	1		True		True		True		(0.0, 0.0, 0.0)		0.286569		0		SW
235		1024371	1025846	320	1		False		False		True		(0.0, 0.0, 0.0)		0.2195046		0		NE
236		1028390	1029490	280	1		True		True		True		(0.0, 0.0, 0.0)		0.9239755		0		NW
237		1032410	1033508	280	1		True		True		True		(0.0, 0.0, 0.0)		0.8889458		0		SE
238		1037168	1038351	320	1		False		True		False		(0.0, 0.0, 0.0)		0.1684518		0		SE
239		1041177	1043010	320	1		True		True		True		(0.0, 0.0, 0.0)		0.6305262		0		NW
240		1045200	1047130	338	1		True		True		True		(0.0, 0.0, 0.0)		0.4029705		0		SW
241		1049296	1051451	338	1		False		False		True		(0.0, 0.0, 0.0)		0.1829928		0		NW
242		1053806	1054912	320	1		False		True		False		(0.0, 0.0, 0.0)		0.5173005		0		SE
243		1057837	1059148	320	1		False		False		True		(0.0, 0.0, 0.0)		0.3584403		0		SW
244		1061857	1063022	280	1		True		True		True		(0.0, 0.0, 0.0)		0.5169842		0		SW
245		1065865	1068110	280	1		True		True		True		(0.0, 0.0, 0.0)		0.5834776		0		NE
246		1070065	1072320	320	1		True		True		True		(0.0, 0.0, 0.0)		0.7407216		0		NE
247		1074085	1075474	320	1		False		False		True		(0.0, 0.0, 0.0)		0.4848599		0		SW
248		1078097	1079472	280	1		True		True		True		(0.0, 0.0, 0.0)		0.2246058		0		SE
249		1082127	1083859	280	1		True		True		True		(0.0, 0.0, 0.0)		0.4932772		0		SW
250		1086147	1088992	320	1		True		True		True		(0.0, 0.0, 0.0)		0.8043914		0		SE
251		1090157	1091478	320	1		False		True		False		(0.0, 0.0, 0.0)		0.1994126		0		SW
252		1094166	1096177	338	1		True		True		True		(0.0, 0.0, 0.0)		0.5038553		0		SW
253		1098276	1100152	338	1		True		True		True		(0.0, 0.0, 0.0)		0.3699423		0		SW
254		1102295	1104062	338	1		True		True		True		(0.0, 0.0, 0.0)		0.4788919		0		NW
255		1106316	1108138	338	1		False		False		True		(0.0, 0.0, 0.0)		0.3570312		0		NW
256		1110321	1112391	320	1		True		True		True		(0.0, 0.0, 0.0)		0.5713953		0		NW
257		1114335	1115725	320	1		False		False		True		(0.0, 0.0, 0.0)		0.9571325		0		SE
258		1118344	1119462	280	1		True		True		True		(0.0, 0.0, 0.0)		0.6214882		0		NE
259		1122365	1124051	280	1		True		True		True		(0.0, 0.0, 0.0)		0.625517		0		NE
260		1126380	1127282	320	1		False		False		True		(0.0, 0.0, 0.0)		0.3966695		0		SW
261		1130395	1131911	280	1		True		True		True		(0.0, 0.0, 0.0)		0.6240581		0		SW
262		1134426	1136034	280	1		False		False		True		(0.0, 0.0, 0.0)		1.02112		0		NE
263		1138491	1139685	240	1		True		True		True		(0.0, 0.0, 0.0)		0.4415638		0		SW
264		1142512	1143467	240	1		True		True		True		(0.0, 0.0, 0.0)		0.6893808		0		SW
265		1146532	1148304	280	1		False		True		False		(0.0, 0.0, 0.0)		0.7900954		0		SW
266		1150552	1151807	280	1		True		True		True		(0.0, 0.0, 0.0)		1.305048		0		SE
267		1154862	1156738	320	1		False		True		False		(0.0, 0.0, 0.0)		0.3506448		0		SE
268		1159204	1160154	320	1		False		False		True		(0.0, 0.0, 0.0)		0.6020118		0		NW
269		1163225	1164890	280	1		True		True		True		(0.0, 0.0, 0.0)		0.2126223		0		NW
270		1167245	1168644	280	1		True		True		True		(0.0, 0.0, 0.0)		1.153889		0		SW
271		1171266	1172523	320	1		False		False		True		(0.0, 0.0, 0.0)		0.4458085		0		NW
272		1175298	1176412	280	1		False		False		True		(0.0, 0.0, 0.0)		0.3205745		0		NE
273		1179318	1180876	240	1		True		True		True		(0.0, 0.0, 0.0)		0.4807088		0		SW
274		1183349	1184602	240	1		True		True		True		(0.0, 0.0, 0.0)		0.3294452		0		NW
275		1187370	1188531	280	1		True		True		True		(0.0, 0.0, 0.0)		0.4654383		0		SW
276		1191390	1192366	280	1		True		True		True		(0.0, 0.0, 0.0)		0.6493183		0		NW
277		1195408	1196506	320	1		True		True		True		(0.0, 0.0, 0.0)		0.1665903		0		NW
278		1199426	1200293	320	1		True		True		True		(0.0, 0.0, 0.0)		0.5654575		0		NW
279		1203436	1204343	338	1		False		False		True		(0.0, 0.0, 0.0)		0.8340696		0		SE
280		1207446	1208478	320	1		True		True		True		(0.0, 0.0, 0.0)		0.2319832		0		NE
281		1211759	1212722	320	1		False		False		True		(0.0, 0.0, 0.0)		0.4440958		0		NE
282		1215778	1216811	280	1		False		True		False		(0.0, 0.0, 0.0)		0.9451369		0		SW
283		1219810	1220621	280	1		True		True		True		(0.0, 0.0, 0.0)		0.6930894		0		SE
284		1223841	1225549	320	1		False		False		True		(0.0, 0.0, 0.0)		0.5820684		0		NW
285		1227859	1229028	280	1		False		False		True		(0.0, 0.0, 0.0)		0.5561762		0		NW
286		1231881	1233569	240	1		False		False		True		(0.0, 0.0, 0.0)		0.577566		0		NE
287		1235900	1236825	200	1		True		True		True		(0.0, 0.0, 0.0)		0.5132249		0		SE
288		1239915	1241031	200	1		True		True		True		(0.0, 0.0, 0.0)		0.4283787		0		SE
289		1243941	1245546	240	1		True		True		True		(0.0, 0.0, 0.0)		0.2818615		0		SW
290		1247961	1249154	240	1		False		False		True		(0.0, 0.0, 0.0)		0.2949586		0		NW
291		1251981	1253117	200	1		True		True		True		(0.0, 0.0, 0.0)		0.5365298		0		SW
292		1256004	1257205	200	1		False		True		False		(0.0, 0.0, 0.0)		0.5406765		0		NE
293		1260028	1261113	240	1		False		False		True		(0.0, 0.0, 0.0)		0.425772		0		NW
294		1264049	1265055	200	1		True		True		True		(0.0, 0.0, 0.0)		0.5790225		0		NW
295		1268057	1269119	200	1		True		True		True		(0.0, 0.0, 0.0)		0.4015425		0		NW
296		1272078	1273408	240	1		True		True		True		(0.0, 0.0, 0.0)		0.2941399		0		NW
297		1276088	1277023	240	1		True		True		True		(0.0, 0.0, 0.0)		0.4320385		0		NW
298		1280108	1281313	280	1		False		False		True		(0.0, 0.0, 0.0)		0.6281945		0		SE
299		1284129	1285445	240	1		True		True		True		(0.0, 0.0, 0.0)		0.4436636		0		NE
300		1288149	1290042	240	1		True		True		True		(0.0, 0.0, 0.0)		0.1809473		0		NE
