TrialNumber	StartTime	EndTime	CoherenceAngle	StaircaseNumber	CombinedResponse	CorrectVertical	CorrectHorizontal	GazeErrorHeadErrorStimulusDirection
0		36574.15	37968.67	0	1		True		True		True		(0.0, 0.0, 0.0)		1.236887		0		SE
1		40645.21	41974.31	0	1		True		True		True		(0.0, 0.0, 0.0)		0.8755599		0		NW
2		52766.11	54193.87	40	1		True		True		True		(0.0, 0.0, 0.0)		0.7008202		0		NW
3		56786.15	57823.66	40	1		True		True		True		(0.0, 0.0, 0.0)		0.5647656		0		SW
4		60795.16	61794.21	80	1		True		True		True		(0.0, 0.0, 0.0)		0.9682557		0		SE
5		64816.73	65727.96	80	1		True		True		True		(0.0, 0.0, 0.0)		2.87743		0		NE
6		68839.36	69759.56	120	1		True		True		True		(0.0, 0.0, 0.0)		1.554795		0		NE
7		72853.28	74056.38	120	1		True		True		True		(0.0, 0.0, 0.0)		1.28369		0		NW
8		76869.45	78084.68	160	1		False		False		True		(0.0, 0.0, 0.0)		0.976158		0		SE
9		80978.41	81907.41	120	1		True		True		True		(0.0, 0.0, 0.0)		0.6984496		0		NE
10		84992.31	86151.21	120	1		False		False		True		(0.0, 0.0, 0.0)		1.523354		0		NW
11		89431.44	90534.02	80	1		True		True		True		(0.0, 0.0, 0.0)		0.6837416		0		SW
12		93453.66	94624.26	80	1		True		True		True		(0.0, 0.0, 0.0)		0.9492504		0		SW
13		97480.61	98446.84	120	1		True		True		True		(0.0, 0.0, 0.0)		0.4595201		0		NE
14		101508.5	102573	120	1		True		True		True		(0.0, 0.0, 0.0)		0.5971818		0		SW
15		105527.6	106505.8	160	1		False		False		True		(0.0, 0.0, 0.0)		0.6244052		0		SE
16		109549.8	110538.2	120	1		True		True		True		(0.0, 0.0, 0.0)		0.7432603		0		SW
17		113580	114445.9	120	1		True		True		True		(0.0, 0.0, 0.0)		1.040502		0		NE
18		117599.9	119177.7	160	1		True		True		True		(0.0, 0.0, 0.0)		0.6159867		0		NW
19		121610.7	122555.1	160	1		True		True		True		(0.0, 0.0, 0.0)		1.075986		0		NE
20		125627.7	126519.3	200	1		True		True		True		(0.0, 0.0, 0.0)		1.107177		0		NE
21		129653.2	130614.7	200	1		False		False		True		(0.0, 0.0, 0.0)		0.4571871		0		SE
22		133687.6	135010.9	160	1		True		True		True		(0.0, 0.0, 0.0)		0.6959732		0		NW
23		137733.3	139678.8	160	1		False		False		True		(0.0, 0.0, 0.0)		1.21359		0		SW
24		142070.5	143463.8	120	1		False		False		True		(0.0, 0.0, 0.0)		0.5523758		0		SW
25		146085.4	147245.2	80	1		True		True		True		(0.0, 0.0, 0.0)		2.421674		0		NW
26		154140	155102.9	80	1		True		True		True		(0.0, 0.0, 0.0)		0.7290606		0		SE
27		158167.6	159252.4	120	1		True		True		True		(0.0, 0.0, 0.0)		0.6682608		0		NW
28		162178	163244.8	120	1		False		False		True		(0.0, 0.0, 0.0)		0.9251688		0		SE
29		166196.4	167080.1	80	1		True		True		True		(0.0, 0.0, 0.0)		0.922089		0		NE
30		174238	175505.1	80	1		True		True		True		(0.0, 0.0, 0.0)		4.079597		0		NW
31		178258.5	179177.8	120	1		True		True		True		(0.0, 0.0, 0.0)		0.9598851		0		NE
32		182283.1	183326.3	120	1		True		True		True		(0.0, 0.0, 0.0)		1.486073		0		SW
33		186304.9	187160.8	160	1		True		True		True		(0.0, 0.0, 0.0)		1.40232		0		NE
34		190325.6	191633.5	160	1		False		True		False		(0.0, 0.0, 0.0)		1.137		0		NW
35		194358.2	195264.9	200	1		True		True		True		(0.0, 0.0, 0.0)		2.343379		0		NE
36		198374.4	199456.7	200	1		False		False		True		(0.0, 0.0, 0.0)		0.9555148		0		SE
37		202398.8	203229.8	160	1		True		True		True		(0.0, 0.0, 0.0)		0.9600487		0		NE
38		206427.4	207535.1	160	1		True		True		True		(0.0, 0.0, 0.0)		2.988892		0		SW
39		210439.7	211472.7	200	1		False		False		False		(0.0, 0.0, 0.0)		0.8968742		0		SW
40		218463.8	220414	160	1		True		True		True		(0.0, 0.0, 0.0)		0.3907993		0		SW
41		222490	224137.5	160	1		True		True		True		(0.0, 0.0, 0.0)		0.5754375		0		NW
42		226513.1	227491.2	200	1		True		True		True		(0.0, 0.0, 0.0)		1.037004		0		NE
43		230536.3	231687.2	200	1		True		True		True		(0.0, 0.0, 0.0)		1.332475		0		SW
44		234561.9	235963	240	1		True		True		True		(0.0, 0.0, 0.0)		0.815832		0		NW
45		238570.2	239646.3	240	1		True		True		True		(0.0, 0.0, 0.0)		1.650669		0		NE
46		242593	243680.4	280	1		True		True		True		(0.0, 0.0, 0.0)		2.241593		0		SW
47		246604.6	248435.8	280	1		True		True		True		(0.0, 0.0, 0.0)		1.690901		0		SW
48		250612.5	251898.4	320	1		False		False		True		(0.0, 0.0, 0.0)		0.6602106		0		NW
49		254636.7	256179.8	280	1		False		False		True		(0.0, 0.0, 0.0)		1.449145		0		NW
50		258665.3	259726.5	240	1		True		True		True		(0.0, 0.0, 0.0)		2.380745		0		NE
51		262674.3	263855.6	240	1		True		True		True		(0.0, 0.0, 0.0)		0.8477959		0		SW
52		270715.2	271581.4	280	1		True		True		True		(0.0, 0.0, 0.0)		0.4998964		0		NE
53		274739.2	275720.7	280	1		False		False		True		(0.0, 0.0, 0.0)		0.8073545		0		NW
54		278835.3	280115.5	240	1		False		False		True		(0.0, 0.0, 0.0)		0.7310839		0		NW
55		282851.7	284073.9	200	1		False		False		True		(0.0, 0.0, 0.0)		0.3328704		0		SE
56		286862.6	287915.7	160	1		True		True		True		(0.0, 0.0, 0.0)		0.6941406		0		NE
57		291640	292893.8	160	1		False		True		False		(0.0, 0.0, 0.0)		0.8211657		0		SE
58		295650.1	296735.9	200	1		False		True		False		(0.0, 0.0, 0.0)		0.9407932		0		NW
59		299678.4	301034.6	200	1		True		True		True		(0.0, 0.0, 0.0)		0.7921398		0		SW
60		303699	305601.4	240	1		False		False		True		(0.0, 0.0, 0.0)		0.4294434		0		SW
61		307712.9	308652.2	200	1		False		False		True		(0.0, 0.0, 0.0)		1.200468		0		SE
62		312116.8	313004.2	160	1		True		True		True		(0.0, 0.0, 0.0)		0.1854717		0		NE
63		316139.6	317075	160	1		True		True		True		(0.0, 0.0, 0.0)		0.8036025		0		NE
64		320158.8	321620.1	200	1		True		True		True		(0.0, 0.0, 0.0)		1.563324		0		SW
65		324180.9	325094.7	200	1		False		False		True		(0.0, 0.0, 0.0)		3.771614		0		SE
66		328201.7	329122.7	160	1		False		False		True		(0.0, 0.0, 0.0)		0.5662274		0		SE
67		332215.8	333352.5	120	1		True		True		True		(0.0, 0.0, 0.0)		2.50107		0		NW
68		336228.5	338162.2	120	1		True		True		True		(0.0, 0.0, 0.0)		1.431155		0		NW
69		340236.7	341277.1	160	1		True		True		True		(0.0, 0.0, 0.0)		0.3884383		0		NE
70		344259.2	345632.8	160	1		True		True		True		(0.0, 0.0, 0.0)		0.8230903		0		NW
71		348285	349166.6	200	1		True		True		True		(0.0, 0.0, 0.0)		0.4127306		0		NE
72		352309.2	353577	200	1		False		False		True		(0.0, 0.0, 0.0)		0.5026555		0		NW
73		356322.5	357234.9	160	1		True		True		True		(0.0, 0.0, 0.0)		0.9136909		0		NE
74		360340.6	361374.1	160	1		True		True		True		(0.0, 0.0, 0.0)		0.8023151		0		SW
75		364354.5	365309.9	200	1		False		False		True		(0.0, 0.0, 0.0)		0.5633632		0		SE
76		368380.3	369281.2	160	1		True		True		True		(0.0, 0.0, 0.0)		1.401051		0		NE
77		372397.6	373515.3	160	1		True		True		True		(0.0, 0.0, 0.0)		0.5210699		0		SW
78		376419.6	377408.8	200	1		False		False		True		(0.0, 0.0, 0.0)		0.267546		0		SE
79		380446.2	381437.5	160	1		True		True		True		(0.0, 0.0, 0.0)		0.2706844		0		SW
80		384468.7	385390.4	160	1		True		True		True		(0.0, 0.0, 0.0)		0.2253448		0		SW
81		388954.7	389896.9	200	1		True		True		True		(0.0, 0.0, 0.0)		0.7710407		0		SW
82		392970.5	393996	200	1		True		True		True		(0.0, 0.0, 0.0)		0.520739		0		SW
83		396980.8	398102.2	240	1		False		False		True		(0.0, 0.0, 0.0)		0.4653135		0		NW
84		405007.8	406960.1	200	1		False		False		True		(0.0, 0.0, 0.0)		0.9147206		0		NW
85		409014	410118.7	160	1		False		False		True		(0.0, 0.0, 0.0)		0.7042321		0		NW
86		413035.7	414167.1	120	1		True		True		True		(0.0, 0.0, 0.0)		1.870646		0		SE
87		417051.2	418015.2	120	1		True		True		True		(0.0, 0.0, 0.0)		0.3889093		0		NW
88		421071	422790.2	160	1		True		True		True		(0.0, 0.0, 0.0)		2.144529		0		SW
89		425094.9	426320.6	160	1		True		True		True		(0.0, 0.0, 0.0)		0.2925544		0		NW
90		429116.5	430215.5	200	1		True		True		True		(0.0, 0.0, 0.0)		0.9506187		0		SW
91		433134.5	434403	200	1		True		True		True		(0.0, 0.0, 0.0)		0.8077633		0		NW
92		437163.3	438362.9	240	1		True		True		True		(0.0, 0.0, 0.0)		0.8431226		0		SW
93		441188.3	442417.6	240	1		False		False		True		(0.0, 0.0, 0.0)		0.6097906		0		NW
94		445430.1	446425.9	200	1		True		True		True		(0.0, 0.0, 0.0)		1.594575		0		NE
95		449448	450553.6	200	1		True		True		True		(0.0, 0.0, 0.0)		3.638821		0		SW
96		453475.5	455290.5	240	1		True		True		True		(0.0, 0.0, 0.0)		0.1765472		0		SW
97		457488.9	458550	240	1		True		True		True		(0.0, 0.0, 0.0)		0.3872184		0		NE
98		461509.5	463417.8	280	1		True		True		True		(0.0, 0.0, 0.0)		0.335104		0		NE
99		465530.3	466655.3	280	1		True		True		True		(0.0, 0.0, 0.0)		0.4658807		0		SW
100		469539.2	470915.4	320	1		True		True		True		(0.0, 0.0, 0.0)		0.4910899		0		SW
101		473566.6	474824.3	320	1		False		False		True		(0.0, 0.0, 0.0)		3.96566		0		NW
102		478467.2	479412.1	280	1		False		False		True		(0.0, 0.0, 0.0)		1.473929		0		SE
103		483090.8	484142.6	240	1		True		True		True		(0.0, 0.0, 0.0)		0.8573149		0		SW
104		487108.8	488216.7	240	1		False		False		True		(0.0, 0.0, 0.0)		0.9904568		0		NE
105		491119.8	492172.9	200	1		False		False		True		(0.0, 0.0, 0.0)		2.59059		0		SE
106		495134.6	496140.6	160	1		True		True		True		(0.0, 0.0, 0.0)		0.5277539		0		SW
107		499149.9	500095.5	160	1		True		True		True		(0.0, 0.0, 0.0)		0.2749708		0		NE
108		503164.9	505078.6	200	1		True		True		True		(0.0, 0.0, 0.0)		0.5447066		0		NE
109		507183	508490.5	200	1		False		False		True		(0.0, 0.0, 0.0)		1.421493		0		NW
110		511201.7	512218.6	160	1		True		True		True		(0.0, 0.0, 0.0)		0.5649138		0		NE
111		515210.6	516519	160	1		True		True		True		(0.0, 0.0, 0.0)		2.747411		0		SE
112		519230.3	521082.2	200	1		True		True		True		(0.0, 0.0, 0.0)		0.4582692		0		NW
113		523249.3	524396.5	200	1		False		False		True		(0.0, 0.0, 0.0)		0.5015625		0		SE
114		527256.7	528257.7	160	1		True		True		True		(0.0, 0.0, 0.0)		2.623563		0		NE
115		532278.4	534185.6	160	1		True		True		True		(0.0, 0.0, 0.0)		0.4538337		0		NE
116		536288.9	538232.2	200	1		False		False		True		(0.0, 0.0, 0.0)		0.6737505		0		SE
117		540560.9	542306.8	160	1		False		False		True		(0.0, 0.0, 0.0)		0.6760494		0		NW
118		548599.3	549694	120	1		True		True		True		(0.0, 0.0, 0.0)		0.2332646		0		SW
119		552612.7	553728.6	120	1		True		True		True		(0.0, 0.0, 0.0)		3.200923		0		SW
120		556633.2	557968.7	160	1		True		True		True		(0.0, 0.0, 0.0)		0.4809655		0		SE
121		560653.6	561810.3	160	1		True		True		True		(0.0, 0.0, 0.0)		0.5912282		0		NW
122		564671.2	565976.7	200	1		True		True		True		(0.0, 0.0, 0.0)		0.355898		0		SE
123		568689.8	569936.8	200	1		True		True		True		(0.0, 0.0, 0.0)		0.6495383		0		NE
124		572708.7	573981.6	240	1		True		True		True		(0.0, 0.0, 0.0)		0.3793625		0		SE
125		576723.1	577977.5	240	1		True		True		True		(0.0, 0.0, 0.0)		0.2297251		0		SW
126		580735.8	582378.9	280	1		True		True		True		(0.0, 0.0, 0.0)		1.768212		0		SW
127		589481.6	590542.7	280	1		False		False		True		(0.0, 0.0, 0.0)		4.044414		0		NE
128		593497.6	594754.1	240	1		True		True		True		(0.0, 0.0, 0.0)		1.75155		0		SE
129		597516.1	598733.4	240	1		True		True		True		(0.0, 0.0, 0.0)		0.1655801		0		SW
130		601541.7	602619	280	1		False		False		True		(0.0, 0.0, 0.0)		0.5534838		0		NE
131		605697.6	606875.6	240	1		True		True		True		(0.0, 0.0, 0.0)		0.666916		0		SW
132		609723.4	610738.3	240	1		False		False		True		(0.0, 0.0, 0.0)		2.935601		0		NE
133		613741.8	615022.1	200	1		False		True		False		(0.0, 0.0, 0.0)		2.980838		0		SW
134		622933.6	624291.4	200	1		True		True		True		(0.0, 0.0, 0.0)		0.5933961		0		SE
135		626955.9	628152.6	240	1		True		True		True		(0.0, 0.0, 0.0)		1.061712		0		NW
136		630970.1	631976.5	240	1		True		True		True		(0.0, 0.0, 0.0)		1.589014		0		NW
137		634983.6	636022.4	280	1		False		True		False		(0.0, 0.0, 0.0)		3.342496		0		NW
138		639008.1	640097.5	280	1		False		False		True		(0.0, 0.0, 0.0)		0.2584436		0		SE
139		643031.3	644637.8	240	1		False		False		True		(0.0, 0.0, 0.0)		3.868758		0		NE
140		647040.4	648165.9	200	1		False		False		True		(0.0, 0.0, 0.0)		0.775662		0		SW
141		651058.3	652202.2	160	1		True		True		True		(0.0, 0.0, 0.0)		3.490802		0		SE
142		655082.3	656171.7	160	1		True		True		True		(0.0, 0.0, 0.0)		2.110211		0		NW
143		659111.6	660274.8	200	1		True		True		True		(0.0, 0.0, 0.0)		2.503155		0		NE
144		663133.5	664396.3	200	1		True		True		True		(0.0, 0.0, 0.0)		1.34577		0		SW
145		667144.3	671083.6	240	1		True		True		True		(0.0, 0.0, 0.0)		0.3709728		0		SE
146		672073.3	673580.3	240	1		True		True		True		(0.0, 0.0, 0.0)		2.025045		0		SW
147		676087.6	677447.1	280	1		True		True		True		(0.0, 0.0, 0.0)		0.5196224		0		SE
148		680108.8	681835.3	280	1		True		True		True		(0.0, 0.0, 0.0)		3.176948		0		SE
149		684136.8	685644.9	320	1		True		True		True		(0.0, 0.0, 0.0)		0.6712723		0		SE
150		688149.3	689359.8	320	1		False		False		True		(0.0, 0.0, 0.0)		3.1125		0		NW
151		692170.1	693217.4	280	1		True		True		True		(0.0, 0.0, 0.0)		1.613042		0		SE
152		696197.1	697266.4	280	1		False		False		True		(0.0, 0.0, 0.0)		0.1276126		0		NW
153		700216.9	701778.7	240	1		False		False		True		(0.0, 0.0, 0.0)		0.6793493		0		NE
154		704223.9	705611.6	200	1		True		True		True		(0.0, 0.0, 0.0)		1.039331		0		SE
155		708247.8	709526.9	200	1		True		True		True		(0.0, 0.0, 0.0)		2.207785		0		SE
156		712256.8	713377.8	240	1		False		False		True		(0.0, 0.0, 0.0)		0.6864013		0		NE
157		716279.8	717408.4	200	1		True		True		True		(0.0, 0.0, 0.0)		0.5912308		0		SW
158		720305.7	721518.8	200	1		True		True		True		(0.0, 0.0, 0.0)		0.2701587		0		NW
159		724320	725422.3	240	1		False		False		True		(0.0, 0.0, 0.0)		0.04335329		0		NW
160		728338.8	729361.4	200	1		True		True		True		(0.0, 0.0, 0.0)		0.492217		0		NE
161		732358.9	733398.8	200	1		False		False		True		(0.0, 0.0, 0.0)		0.960393		0		NE
162		737033.8	738124.5	160	1		True		True		True		(0.0, 0.0, 0.0)		1.288301		0		NE
163		741059.3	742098.4	160	1		True		True		True		(0.0, 0.0, 0.0)		1.033075		0		SE
164		745071.3	746148.8	200	1		True		True		True		(0.0, 0.0, 0.0)		0.2981058		0		SW
165		749849.8	750955	200	1		False		False		True		(0.0, 0.0, 0.0)		1.42211		0		SW
166		757900	759039.9	160	1		True		True		True		(0.0, 0.0, 0.0)		2.334243		0		SE
167		761926.3	762932.7	160	1		False		False		True		(0.0, 0.0, 0.0)		1.106756		0		NW
168		765943.6	766923.7	120	1		True		True		True		(0.0, 0.0, 0.0)		0.517177		0		NE
169		769968.6	771031.5	120	1		True		True		True		(0.0, 0.0, 0.0)		0.6982887		0		SE
170		774002.2	779691.7	160	1		True		True		True		(0.0, 0.0, 0.0)		0.8108985		0		SE
171		781060.1	784312.1	160	1		True		True		True		(0.0, 0.0, 0.0)		1.491269		0		NE
172		785307.2	786798	200	1		True		True		True		(0.0, 0.0, 0.0)		3.30762		0		SE
173		789331.4	790690.8	200	1		True		True		True		(0.0, 0.0, 0.0)		0.3549206		0		SW
174		793348.8	794589.9	240	1		True		True		True		(0.0, 0.0, 0.0)		0.6531011		0		NE
175		797370.3	798631.9	240	1		True		True		True		(0.0, 0.0, 0.0)		2.975428		0		SE
176		802354.9	803602.9	280	1		False		False		True		(0.0, 0.0, 0.0)		0.3486862		0		NW
177		806535.9	807597.6	240	1		False		False		True		(0.0, 0.0, 0.0)		1.254574		0		NE
178		810823.1	812347.3	200	1		True		True		True		(0.0, 0.0, 0.0)		1.300481		0		SE
179		815099.8	816109.3	200	1		True		True		True		(0.0, 0.0, 0.0)		1.009469		0		SW
180		819120.6	820214.4	240	1		True		True		True		(0.0, 0.0, 0.0)		0.1558668		0		SE
181		823144.1	824185.3	240	1		False		False		True		(0.0, 0.0, 0.0)		3.87186		0		SE
182		827159.9	828658.6	200	1		True		True		True		(0.0, 0.0, 0.0)		0.4914711		0		SE
183		831174.9	832260.8	200	1		False		False		True		(0.0, 0.0, 0.0)		3.971415		0		NW
184		835197.8	836401	160	1		True		True		True		(0.0, 0.0, 0.0)		1.359107		0		SE
185		839225.6	840461.8	160	1		True		True		True		(0.0, 0.0, 0.0)		0.6393768		0		SE
186		843259.4	844437.2	200	1		False		False		True		(0.0, 0.0, 0.0)		3.985578		0		NE
187		847289	848267.5	160	1		True		True		True		(0.0, 0.0, 0.0)		3.394827		0		SW
188		851936.8	853167.4	160	1		True		True		True		(0.0, 0.0, 0.0)		0.5336073		0		NW
189		855957.6	857494	200	1		False		False		True		(0.0, 0.0, 0.0)		0.3983347		0		SW
190		859975.4	861176.7	160	1		True		True		True		(0.0, 0.0, 0.0)		0.2492081		0		NW
191		863994.8	867277.2	160	1		True		True		True		(0.0, 0.0, 0.0)		0.8569958		0		NE
192		868269.3	869912.5	200	1		True		True		True		(0.0, 0.0, 0.0)		0.4171953		0		SE
193		872281.4	873600	200	1		False		False		True		(0.0, 0.0, 0.0)		3.382698		0		NW
194		876308.3	877496.2	160	1		True		True		True		(0.0, 0.0, 0.0)		1.159578		0		NW
195		880320.1	881388.1	160	1		True		True		True		(0.0, 0.0, 0.0)		0.248103		0		SE
196		884344.4	885411	200	1		False		False		True		(0.0, 0.0, 0.0)		2.787889		0		NW
197		888375.9	889693.1	160	1		False		False		True		(0.0, 0.0, 0.0)		0.8940704		0		SW
198		892392.6	893374.1	120	1		True		True		True		(0.0, 0.0, 0.0)		0.2674774		0		NE
199		897338.8	898486.1	120	1		True		True		True		(0.0, 0.0, 0.0)		3.121946		0		NW
200		901971.1	903221.9	160	1		True		True		True		(0.0, 0.0, 0.0)		3.046973		0		SE
201		905993.5	907169.4	160	1		True		True		True		(0.0, 0.0, 0.0)		1.508357		0		NE
202		910015.6	911202.3	200	1		True		True		True		(0.0, 0.0, 0.0)		0.357226		0		NW
203		914025.9	915158.9	200	1		False		False		True		(0.0, 0.0, 0.0)		0.6550689		0		SW
204		918041.1	918994.9	160	1		True		True		True		(0.0, 0.0, 0.0)		0.6538812		0		NE
205		922070.1	923121.4	160	1		True		True		True		(0.0, 0.0, 0.0)		1.868088		0		SE
206		926088.3	927653.1	200	1		True		True		True		(0.0, 0.0, 0.0)		3.059337		0		NW
207		930211.4	931305.9	200	1		False		False		True		(0.0, 0.0, 0.0)		0.6641224		0		NE
208		934227.8	935155.3	160	1		True		True		True		(0.0, 0.0, 0.0)		1.146929		0		NW
209		938249.2	939248.9	160	1		True		True		True		(0.0, 0.0, 0.0)		0.5320085		0		SW
210		942278.1	943835.4	200	1		False		False		True		(0.0, 0.0, 0.0)		0.5180785		0		NW
211		946293.3	947411.9	160	1		False		False		True		(0.0, 0.0, 0.0)		0.1394828		0		SW
212		958342.3	959288.9	120	1		True		True		True		(0.0, 0.0, 0.0)		0.5373186		0		SE
213		966393.8	967410.4	120	1		True		True		True		(0.0, 0.0, 0.0)		0.4359527		0		SW
214		970422.2	971324.9	160	1		True		True		True		(0.0, 0.0, 0.0)		3.257675		0		SW
215		974444.7	975267.1	160	1		False		False		True		(0.0, 0.0, 0.0)		1.048738		0		SE
216		978471.9	979427.1	120	1		True		True		True		(0.0, 0.0, 0.0)		0.4074972		0		SE
217		982489.9	983373.8	120	1		True		True		True		(0.0, 0.0, 0.0)		0.5469674		0		SW
218		986514.9	987403.4	160	1		True		True		True		(0.0, 0.0, 0.0)		4.041823		0		SE
219		990537.4	991459.5	160	1		True		True		True		(0.0, 0.0, 0.0)		0.4535465		0		SE
220		994570.8	995528.1	200	1		True		True		True		(0.0, 0.0, 0.0)		1.275487		0		NW
221		998600.1	1000193	200	1		False		False		True		(0.0, 0.0, 0.0)		3.488765		0		SE
222		1002614	1003551	160	1		True		True		True		(0.0, 0.0, 0.0)		1.070795		0		NW
223		1006642	1007543	160	1		True		True		True		(0.0, 0.0, 0.0)		0.6409259		0		SW
224		1014677	1015492	200	1		False		False		True		(0.0, 0.0, 0.0)		3.149177		0		SE
225		1018696	1019535	160	1		True		True		True		(0.0, 0.0, 0.0)		0.4722317		0		SW
226		1022714	1023568	160	1		True		True		True		(0.0, 0.0, 0.0)		0.1802044		0		SW
227		1026737	1027665	200	1		False		False		True		(0.0, 0.0, 0.0)		0.6459855		0		SW
228		1030751	1031770	160	1		True		True		True		(0.0, 0.0, 0.0)		3.146309		0		SW
229		1034763	1035900	160	1		True		True		True		(0.0, 0.0, 0.0)		0.4054589		0		SE
230		1038892	1039771	200	1		False		False		True		(0.0, 0.0, 0.0)		3.100845		0		NW
231		1042908	1043824	160	1		False		False		True		(0.0, 0.0, 0.0)		0.5562257		0		SE
232		1046938	1047821	120	1		True		True		True		(0.0, 0.0, 0.0)		3.914155		0		SE
233		1050948	1051769	120	1		True		True		True		(0.0, 0.0, 0.0)		0.5381948		0		NE
234		1054976	1055911	160	1		True		True		True		(0.0, 0.0, 0.0)		0.658926		0		NE
235		1059195	1060319	160	1		False		False		True		(0.0, 0.0, 0.0)		0.6572605		0		NE
236		1063413	1064326	120	1		True		True		True		(0.0, 0.0, 0.0)		0.9467213		0		NW
237		1067430	1068334	120	1		True		True		True		(0.0, 0.0, 0.0)		0.9113336		0		SE
238		1071445	1072245	160	1		True		True		True		(0.0, 0.0, 0.0)		0.2022972		0		NE
239		1075468	1076437	160	1		True		True		True		(0.0, 0.0, 0.0)		2.835065		0		NW
240		1079495	1080488	200	1		True		True		True		(0.0, 0.0, 0.0)		2.535647		0		SE
241		1083798	1084583	200	1		True		True		True		(0.0, 0.0, 0.0)		2.127367		0		NE
242		1087814	1088734	240	1		False		False		True		(0.0, 0.0, 0.0)		0.4265593		0		NW
243		1091839	1092712	200	1		True		True		True		(0.0, 0.0, 0.0)		3.996919		0		NE
244		1096200	1097143	200	1		False		False		False		(0.0, 0.0, 0.0)		1.020776		0		SE
245		1100349	1101320	160	1		True		True		True		(0.0, 0.0, 0.0)		1.042165		0		NE
246		1104367	1105305	160	1		True		True		True		(0.0, 0.0, 0.0)		0.6277892		0		SW
247		1108386	1109652	200	1		True		True		True		(0.0, 0.0, 0.0)		0.423826		0		SE
248		1112410	1113492	200	1		False		False		True		(0.0, 0.0, 0.0)		0.2883466		0		SE
249		1116559	1117495	160	1		True		True		True		(0.0, 0.0, 0.0)		0.4327562		0		SW
250		1120565	1121489	160	1		True		True		True		(0.0, 0.0, 0.0)		0.762942		0		SE
251		1124586	1125503	200	1		False		False		True		(0.0, 0.0, 0.0)		3.7139		0		NE
252		1128602	1129519	160	1		True		True		True		(0.0, 0.0, 0.0)		3.576457		0		NE
253		1132623	1133447	160	1		True		True		True		(0.0, 0.0, 0.0)		2.209387		0		SW
254		1136650	1137496	200	1		True		True		True		(0.0, 0.0, 0.0)		0.6842276		0		NE
255		1140670	1141727	200	1		True		True		True		(0.0, 0.0, 0.0)		2.859025		0		SE
256		1144810	1145777	240	1		False		False		True		(0.0, 0.0, 0.0)		0.6286293		0		SE
257		1148834	1149785	200	1		True		True		True		(0.0, 0.0, 0.0)		0.8769389		0		SW
258		1152849	1153846	200	1		False		True		False		(0.0, 0.0, 0.0)		0.4610295		0		SW
259		1156967	1158048	240	1		False		False		True		(0.0, 0.0, 0.0)		1.026006		0		SW
260		1160988	1161921	200	1		True		True		True		(0.0, 0.0, 0.0)		3.332781		0		SE
261		1164993	1166100	200	1		True		True		True		(0.0, 0.0, 0.0)		0.2216616		0		SE
262		1169877	1170805	240	1		False		False		True		(0.0, 0.0, 0.0)		0.864754		0		SE
263		1174919	1176123	200	1		False		False		True		(0.0, 0.0, 0.0)		1.002095		0		NW
264		1179213	1180151	160	1		True		True		True		(0.0, 0.0, 0.0)		0.4806006		0		NW
265		1183226	1184166	160	1		False		False		True		(0.0, 0.0, 0.0)		0.2971286		0		SE
266		1187252	1188185	120	1		True		True		True		(0.0, 0.0, 0.0)		0.5200921		0		SW
267		1191280	1192249	120	1		True		True		True		(0.0, 0.0, 0.0)		0.6893303		0		SE
268		1195297	1196280	160	1		False		False		True		(0.0, 0.0, 0.0)		0.4306165		0		SW
269		1199305	1200125	120	1		True		True		True		(0.0, 0.0, 0.0)		3.074055		0		NE
270		1203323	1204299	120	1		True		True		True		(0.0, 0.0, 0.0)		0.978571		0		SE
271		1207348	1208171	160	1		True		True		True		(0.0, 0.0, 0.0)		0.643575		0		NE
272		1211365	1212180	160	1		True		True		True		(0.0, 0.0, 0.0)		0.8117107		0		SW
273		1215384	1216219	200	1		True		True		True		(0.0, 0.0, 0.0)		1.407429		0		NE
274		1219400	1220505	200	1		True		True		True		(0.0, 0.0, 0.0)		1.10577		0		NW
275		1227426	1228570	240	1		False		False		True		(0.0, 0.0, 0.0)		0.5802456		0		NE
276		1231445	1232419	200	1		True		True		True		(0.0, 0.0, 0.0)		2.489708		0		SE
277		1235465	1236548	200	1		True		True		True		(0.0, 0.0, 0.0)		0.6381119		0		SE
278		1239488	1240886	240	1		True		True		True		(0.0, 0.0, 0.0)		0.2041906		0		NE
279		1243507	1244929	240	1		False		False		True		(0.0, 0.0, 0.0)		0.5708493		0		SE
280		1247525	1248629	200	1		True		True		True		(0.0, 0.0, 0.0)		0.5350549		0		NW
281		1251534	1252860	200	1		False		False		True		(0.0, 0.0, 0.0)		0.07100941		0		NE
282		1255551	1256649	160	1		True		True		True		(0.0, 0.0, 0.0)		1.912934		0		SW
283		1259564	1260522	160	1		True		True		True		(0.0, 0.0, 0.0)		0.7142907		0		NE
284		1263586	1264477	200	1		True		True		True		(0.0, 0.0, 0.0)		3.173194		0		NE
285		1267606	1268550	200	1		True		True		True		(0.0, 0.0, 0.0)		0.09147244		0		SW
286		1271674	1272858	240	1		False		False		True		(0.0, 0.0, 0.0)		1.05267		0		NE
287		1275689	1276747	200	1		False		False		True		(0.0, 0.0, 0.0)		0.7131164		0		SW
288		1279710	1280534	160	1		True		True		True		(0.0, 0.0, 0.0)		1.123267		0		NE
289		1283825	1284672	160	1		True		True		True		(0.0, 0.0, 0.0)		3.201166		0		SW
290		1287853	1288819	200	1		False		False		True		(0.0, 0.0, 0.0)		1.429743		0		NE
291		1291871	1292786	160	1		True		True		True		(0.0, 0.0, 0.0)		0.3506263		0		SE
292		1296000	1296912	160	1		True		True		True		(0.0, 0.0, 0.0)		0.5177088		0		SE
293		1300022	1301117	200	1		True		True		True		(0.0, 0.0, 0.0)		1.234159		0		SW
294		1304035	1304935	200	1		True		True		True		(0.0, 0.0, 0.0)		1.136383		0		NE
295		1308091	1309498	240	1		True		True		True		(0.0, 0.0, 0.0)		3.328214		0		SW
296		1312116	1313113	240	1		True		True		True		(0.0, 0.0, 0.0)		0.5439639		0		NW
297		1316130	1317045	280	1		True		True		True		(0.0, 0.0, 0.0)		0.7533308		0		SE
298		1320151	1321203	280	1		False		False		True		(0.0, 0.0, 0.0)		1.393127		0		NE
299		1324180	1325289	240	1		True		True		True		(0.0, 0.0, 0.0)		0.418252		0		SE
300		1332219	1333488	240	1		True		True		True		(0.0, 0.0, 0.0)		0.614259		0		NE
