TrialNumber	StartTime	EndTime	CoherenceAngle	StaircaseNumber	CombinedResponse	CorrectVertical	CorrectHorizontal	GazeErrorHeadErrorStimulusDirection
0		36386.64	37728.59	0	1		True		True		True		(0.0, 0.0, 0.0)		1.221542		0		SW
1		40457.16	41101.49	0	1		True		True		True		(0.0, 0.0, 0.0)		0.3499127		0		SE
2		44831.75	46122.26	40	1		False		False		False		(0.0, 0.0, 0.0)		0.2089673		0		SE
3		49918.68	50697.28	0	1		True		True		True		(0.0, 0.0, 0.0)		1.258726		0		SW
4		53941.28	54606.82	0	1		True		True		True		(0.0, 0.0, 0.0)		0.4488865		0		NE
5		57966.59	59313.46	40	1		True		True		True		(0.0, 0.0, 0.0)		0.781699		0		NW
6		61994.64	62647.37	40	1		False		False		False		(0.0, 0.0, 0.0)		0.5230018		0		NW
7		66024.66	66720.94	0	1		False		False		False		(0.0, 0.0, 0.0)		0.5198106		0		NW
8		70043.9	70682.64	0	1		True		True		True		(0.0, 0.0, 0.0)		0.7343041		0		SE
9		74066.93	74730.18	0	1		False		False		False		(0.0, 0.0, 0.0)		1.193282		0		SE
10		78166.57	78905.11	0	1		True		True		True		(0.0, 0.0, 0.0)		0.5855665		0		NW
11		82187.66	82795.63	0	1		True		True		True		(0.0, 0.0, 0.0)		0.6740277		0		SE
12		86591.16	87306.06	40	1		True		True		True		(0.0, 0.0, 0.0)		0.9373658		0		SE
13		91002.61	91792.84	40	1		True		True		True		(0.0, 0.0, 0.0)		1.127211		0		NE
14		95734.12	96605.05	80	1		False		False		False		(0.0, 0.0, 0.0)		1.133567		0		SE
15		100020	100846	40	1		True		True		True		(0.0, 0.0, 0.0)		0.5177708		0		NE
16		104040.7	104877	40	1		True		True		True		(0.0, 0.0, 0.0)		0.7648022		0		NE
17		108303.7	109053.2	80	1		True		True		True		(0.0, 0.0, 0.0)		0.6166112		0		SW
18		112333.2	113143.5	80	1		True		True		True		(0.0, 0.0, 0.0)		0.6597335		0		SW
19		116353.5	117146.8	120	1		True		True		True		(0.0, 0.0, 0.0)		0.706606		0		SW
20		120511.1	121245	120	1		True		True		True		(0.0, 0.0, 0.0)		0.787369		0		SE
21		124520.1	125213.3	160	1		True		True		True		(0.0, 0.0, 0.0)		0.8413253		0		SE
22		128816.8	129652	160	1		True		True		True		(0.0, 0.0, 0.0)		0.6217384		0		NW
23		132838	133706	200	1		True		True		True		(0.0, 0.0, 0.0)		0.4627059		0		SE
24		136872.1	137762.2	200	1		False		False		True		(0.0, 0.0, 0.0)		0.7834717		0		SE
25		140891	141704.4	160	1		False		False		False		(0.0, 0.0, 0.0)		0.4332461		0		SE
26		144923.2	145876.9	120	1		True		True		True		(0.0, 0.0, 0.0)		0.5524388		0		NE
27		148943.2	150425.3	120	1		True		True		True		(0.0, 0.0, 0.0)		0.8941243		0		SW
28		152953.4	153830	160	1		False		False		False		(0.0, 0.0, 0.0)		0.2278912		0		NW
29		157072.7	157921.2	120	1		True		True		True		(0.0, 0.0, 0.0)		0.6144605		0		SE
30		161093.6	161924.1	120	1		False		True		False		(0.0, 0.0, 0.0)		0.3167355		0		NE
31		165112.2	165824.4	160	1		True		True		True		(0.0, 0.0, 0.0)		0.1420672		0		SW
32		169138.3	169738.5	160	1		False		False		True		(0.0, 0.0, 0.0)		0.5237773		0		NE
33		173950.2	174587.5	120	1		False		False		False		(0.0, 0.0, 0.0)		0.9455895		0		NW
34		178030.8	178775.8	80	1		True		True		True		(0.0, 0.0, 0.0)		0.6172504		0		SE
35		182412.4	183127.9	80	1		True		True		True		(0.0, 0.0, 0.0)		0.1947981		0		SE
36		186434.6	187337.8	120	1		True		True		True		(0.0, 0.0, 0.0)		0.465044		0		NE
37		190454	191378.5	120	1		True		True		True		(0.0, 0.0, 0.0)		0.4977228		0		SW
38		194821.1	195737.3	160	1		True		True		True		(0.0, 0.0, 0.0)		0.7023351		0		NE
39		198839	200132	160	1		False		True		False		(0.0, 0.0, 0.0)		0.8467085		0		NE
40		202859.1	203621.8	200	1		True		True		True		(0.0, 0.0, 0.0)		0.3629622		0		SW
41		207251	207982	200	1		False		True		False		(0.0, 0.0, 0.0)		0.1775617		0		NW
42		211360.5	212051	240	1		False		True		False		(0.0, 0.0, 0.0)		0.6022764		0		SW
43		215370.4	216135.8	240	1		True		True		True		(0.0, 0.0, 0.0)		1.266914		0		NW
44		219593.4	220394.2	280	1		False		False		True		(0.0, 0.0, 0.0)		0.3166341		0		SE
45		223606.9	224435.9	240	1		False		True		False		(0.0, 0.0, 0.0)		0.9194006		0		SE
46		227999.9	228787.9	240	1		False		False		True		(0.0, 0.0, 0.0)		0.9412135		0		SE
47		232474.7	233208.9	200	1		False		False		True		(0.0, 0.0, 0.0)		0.4993288		0		SW
48		236853.5	238381.7	160	1		False		True		False		(0.0, 0.0, 0.0)		0.3783204		0		SW
49		240879.2	241651.9	160	1		True		True		True		(0.0, 0.0, 0.0)		0.4135824		0		NE
50		244896.8	245656.3	200	1		True		True		True		(0.0, 0.0, 0.0)		1.070321		0		NW
51		248919.1	249542.3	200	1		False		False		True		(0.0, 0.0, 0.0)		0.4707865		0		SE
52		253019.5	253894.5	160	1		False		False		True		(0.0, 0.0, 0.0)		0.4130498		0		SE
53		257134.3	257873.6	120	1		False		False		False		(0.0, 0.0, 0.0)		0.4641622		0		SE
54		261170.5	262008.6	80	1		False		False		False		(0.0, 0.0, 0.0)		0.1596866		0		SW
55		265594.6	266295.2	40	1		True		True		True		(0.0, 0.0, 0.0)		0.1051082		0		NE
56		269623.9	270356.9	40	1		True		True		True		(0.0, 0.0, 0.0)		0.3752919		0		NW
57		274158.6	274890.4	80	1		True		True		True		(0.0, 0.0, 0.0)		0.6036487		0		SE
58		278186.3	278892.3	80	1		True		True		True		(0.0, 0.0, 0.0)		0.243664		0		NW
59		282204.3	282956.6	120	1		True		True		True		(0.0, 0.0, 0.0)		0.5730356		0		SE
60		286225.8	286915.2	120	1		True		True		True		(0.0, 0.0, 0.0)		0.0909823		0		NE
61		290237.4	291196.7	160	1		False		False		True		(0.0, 0.0, 0.0)		0.3759461		0		NE
62		294260.3	294968	120	1		False		False		True		(0.0, 0.0, 0.0)		0.812599		0		SW
63		298678.6	299319.5	80	1		False		False		False		(0.0, 0.0, 0.0)		0.502247		0		SW
64		302699.6	303400.3	40	1		True		True		True		(0.0, 0.0, 0.0)		0.4130498		0		SE
65		306915.5	307565.9	40	1		True		True		True		(0.0, 0.0, 0.0)		0.1546756		0		SE
66		310932.5	311740.4	80	1		True		True		True		(0.0, 0.0, 0.0)		0.6154418		0		SW
67		315417.5	316052.8	80	1		True		True		True		(0.0, 0.0, 0.0)		0.507696		0		NE
68		319437	320403.5	120	1		True		True		True		(0.0, 0.0, 0.0)		0.3989904		0		SW
69		323447.6	324060.3	120	1		True		True		True		(0.0, 0.0, 0.0)		0.4424872		0		NE
70		327769.8	328521.2	160	1		False		False		True		(0.0, 0.0, 0.0)		0.501919		0		NW
71		331785.1	332480.7	120	1		True		True		True		(0.0, 0.0, 0.0)		0.2318003		0		SE
72		335805.7	336469.8	120	1		True		True		True		(0.0, 0.0, 0.0)		0.7039112		0		SW
73		339828	340559.3	160	1		True		True		True		(0.0, 0.0, 0.0)		0.2551576		0		SE
74		343848.3	344539.6	160	1		True		True		True		(0.0, 0.0, 0.0)		0.3783406		0		NW
75		347867.5	348626.9	200	1		False		False		True		(0.0, 0.0, 0.0)		0.8315006		0		NE
76		352247.4	353002.5	160	1		True		True		True		(0.0, 0.0, 0.0)		1.851547		0		SE
77		356275.4	357023.3	160	1		True		True		True		(0.0, 0.0, 0.0)		0.6292788		0		NW
78		360754	361411.3	200	1		False		False		True		(0.0, 0.0, 0.0)		0.2655847		0		NE
79		364772.9	365455.3	160	1		False		True		False		(0.0, 0.0, 0.0)		0.4055004		0		SW
80		368778.9	369523.2	160	1		False		False		False		(0.0, 0.0, 0.0)		0.5884311		0		NW
81		373581	374333	120	1		True		True		True		(0.0, 0.0, 0.0)		0.820706		0		SE
82		377598.6	379117.8	120	1		True		True		True		(0.0, 0.0, 0.0)		1.01797		0		SW
83		381671.2	382385.8	160	1		True		True		True		(0.0, 0.0, 0.0)		0.6707625		0		SE
84		386441.5	387327	160	1		True		True		True		(0.0, 0.0, 0.0)		0.7328772		0		NW
85		390726.4	391533.3	200	1		False		False		False		(0.0, 0.0, 0.0)		0.5136916		0		NW
86		395122.6	395895.6	160	1		True		True		True		(0.0, 0.0, 0.0)		0.5373214		0		SE
87		399139.3	399890.6	160	1		True		True		True		(0.0, 0.0, 0.0)		0.6901941		0		NW
88		403239.7	403943.1	200	1		True		True		True		(0.0, 0.0, 0.0)		1.172854		0		SE
89		407264.6	407938.6	200	1		False		False		True		(0.0, 0.0, 0.0)		0.5290565		0		SE
90		411706.3	412544.5	160	1		False		False		True		(0.0, 0.0, 0.0)		0.5412804		0		SW
91		416256.6	416938.5	120	1		False		False		False		(0.0, 0.0, 0.0)		0.5629166		0		NW
92		420666.3	421486.7	80	1		True		True		True		(0.0, 0.0, 0.0)		0.1074669		0		NW
93		424685.8	425390.9	80	1		True		True		True		(0.0, 0.0, 0.0)		0.6868867		0		NE
94		428708.8	429425.8	120	1		False		False		False		(0.0, 0.0, 0.0)		0.2158245		0		NW
95		432919.5	434220.6	80	1		True		True		True		(0.0, 0.0, 0.0)		0.1395923		0		SW
96		437527.8	438257.5	80	1		True		True		True		(0.0, 0.0, 0.0)		0.6161151		0		NE
97		441539.3	442240.5	120	1		True		True		True		(0.0, 0.0, 0.0)		0.5010989		0		SW
98		445710.2	446354.7	120	1		False		False		False		(0.0, 0.0, 0.0)		0.4014007		0		NW
99		449725.8	450494.8	80	1		True		True		True		(0.0, 0.0, 0.0)		0.781346		0		SW
100		453749.6	454626	80	1		True		True		True		(0.0, 0.0, 0.0)		1.442093		0		NW
101		457769.7	458657.6	120	1		True		True		True		(0.0, 0.0, 0.0)		0.6849779		0		NW
102		462130.4	462863.3	120	1		True		True		True		(0.0, 0.0, 0.0)		1.285153		0		NW
103		466228.1	467020.8	160	1		False		False		False		(0.0, 0.0, 0.0)		0.4984287		0		SW
104		470647.8	471449	120	1		True		True		True		(0.0, 0.0, 0.0)		1.174946		0		NE
105		474678.8	475347.4	120	1		True		True		True		(0.0, 0.0, 0.0)		1.104386		0		SE
106		478699.3	479437.7	160	1		True		True		True		(0.0, 0.0, 0.0)		0.9875906		0		NE
107		482722.3	483696.9	160	1		True		True		True		(0.0, 0.0, 0.0)		1.181989		0		NE
108		486942.3	487863.7	200	1		True		True		True		(0.0, 0.0, 0.0)		0.932553		0		SW
109		491060.1	491794.3	200	1		False		False		True		(0.0, 0.0, 0.0)		1.13288		0		SE
110		495486.2	496189.7	160	1		True		True		True		(0.0, 0.0, 0.0)		1.009344		0		SE
111		499962.8	500707	160	1		True		True		True		(0.0, 0.0, 0.0)		1.275115		0		NE
112		503979.8	505035.5	200	1		False		True		False		(0.0, 0.0, 0.0)		0.8680304		0		NE
113		507990.5	508685.3	200	1		False		False		True		(0.0, 0.0, 0.0)		1.200663		0		NE
114		512434.4	513105.7	160	1		False		True		False		(0.0, 0.0, 0.0)		0.3399669		0		NE
115		516942.4	517656	160	1		True		True		True		(0.0, 0.0, 0.0)		1.407961		0		NW
116		521195.1	522040.3	200	1		False		True		False		(0.0, 0.0, 0.0)		0.5775257		0		NW
117		525390.3	526611.1	200	1		False		False		True		(0.0, 0.0, 0.0)		1.100024		0		SE
118		529642.9	530424.5	160	1		True		True		True		(0.0, 0.0, 0.0)		0.4675021		0		NE
119		533666.4	534597.9	160	1		False		False		False		(0.0, 0.0, 0.0)		0.6503369		0		SE
120		538097.3	538821	120	1		True		True		True		(0.0, 0.0, 0.0)		0.1822709		0		NW
121		542484.5	543331.4	120	1		True		True		True		(0.0, 0.0, 0.0)		0.9207174		0		SW
122		546860.1	547531.2	160	1		False		False		True		(0.0, 0.0, 0.0)		1.033013		0		SE
123		551343.4	552077.3	120	1		True		True		True		(0.0, 0.0, 0.0)		0.9803829		0		NE
124		555611.1	556404.3	120	1		False		False		False		(0.0, 0.0, 0.0)		0.4713714		0		NE
125		560057.1	560814.2	80	1		True		True		True		(0.0, 0.0, 0.0)		0.9466631		0		SE
126		564071.6	564790.3	80	1		True		True		True		(0.0, 0.0, 0.0)		0.8131181		0		NE
127		568096.4	568775.7	120	1		True		True		True		(0.0, 0.0, 0.0)		0.261967		0		NW
128		572565.9	573453	120	1		True		True		True		(0.0, 0.0, 0.0)		0.2163427		0		NE
129		576667.5	577475.9	160	1		False		False		False		(0.0, 0.0, 0.0)		0.3468235		0		SW
130		581113.8	581766.4	120	1		True		True		True		(0.0, 0.0, 0.0)		0.242111		0		SE
131		585135	586074.8	120	1		True		True		True		(0.0, 0.0, 0.0)		0.7251713		0		NW
132		589156.2	590099.6	160	1		False		False		True		(0.0, 0.0, 0.0)		0.8252736		0		NE
133		593706.8	594504.6	120	1		True		True		True		(0.0, 0.0, 0.0)		0.6265278		0		SW
134		599794.5	601012.8	120	1		False		True		False		(0.0, 0.0, 0.0)		0.44998		0		NW
135		604897	605653.6	160	1		False		False		False		(0.0, 0.0, 0.0)		0.1731771		0		SW
136		609390.5	610107.1	120	1		False		False		False		(0.0, 0.0, 0.0)		0.6173006		0		SW
137		613839.1	614717.6	80	1		True		True		True		(0.0, 0.0, 0.0)		1.277578		0		SW
138		618243.4	618929.8	80	1		True		True		True		(0.0, 0.0, 0.0)		1.267248		0		SE
139		622876.7	623496.5	120	1		True		True		True		(0.0, 0.0, 0.0)		0.2410337		0		NE
140		626898.1	627744.4	120	1		True		True		True		(0.0, 0.0, 0.0)		0.9499454		0		NW
141		631391.7	632068.5	160	1		False		False		True		(0.0, 0.0, 0.0)		0.8661157		0		NE
142		635410.4	636160.5	120	1		True		True		True		(0.0, 0.0, 0.0)		1.205767		0		NE
143		639632.2	640356.9	120	1		True		True		True		(0.0, 0.0, 0.0)		0.9301851		0		SW
144		644088.9	645071.9	160	1		False		False		True		(0.0, 0.0, 0.0)		0.9837236		0		SE
145		648117	649147.1	120	1		False		True		False		(0.0, 0.0, 0.0)		1.096162		0		NW
146		652138.4	652852.9	120	1		True		True		True		(0.0, 0.0, 0.0)		0.5240946		0		NE
147		656154.1	657015.7	160	1		True		True		True		(0.0, 0.0, 0.0)		1.316677		0		NW
148		660549.6	661327.9	160	1		True		True		True		(0.0, 0.0, 0.0)		0.7313738		0		SW
149		672618.8	673405.1	200	1		False		True		False		(0.0, 0.0, 0.0)		0.7402474		0		NW
150		676631.6	677626.8	200	1		False		True		False		(0.0, 0.0, 0.0)		1.489842		0		NW
151		681125.1	681803.9	240	1		False		True		False		(0.0, 0.0, 0.0)		1.440614		0		NW
152		685497.8	686537.8	240	1		False		False		True		(0.0, 0.0, 0.0)		0.9168299		0		SW
153		689519.8	690425.2	200	1		True		True		True		(0.0, 0.0, 0.0)		1.372881		0		NW
154		693760.6	694446.3	200	1		False		False		True		(0.0, 0.0, 0.0)		1.132413		0		NE
155		698056.8	699246.1	160	1		True		True		True		(0.0, 0.0, 0.0)		0.5594783		0		SW
156		702562.7	703364.1	160	1		True		True		True		(0.0, 0.0, 0.0)		0.5963103		0		SW
157		706582.6	707843.7	200	1		False		False		False		(0.0, 0.0, 0.0)		0.8383567		0		NW
158		710599.2	711600.5	160	1		True		True		True		(0.0, 0.0, 0.0)		1.290477		0		NW
159		714618.5	715520.8	160	1		False		False		False		(0.0, 0.0, 0.0)		0.9497305		0		SW
160		718640.5	719306.4	120	1		True		True		True		(0.0, 0.0, 0.0)		1.335545		0		NW
161		722658.6	723596.3	120	1		True		True		True		(0.0, 0.0, 0.0)		0.9051737		0		SE
162		726751.4	727598	160	1		False		False		True		(0.0, 0.0, 0.0)		0.8500777		0		SW
163		731203.5	731927.8	120	1		True		True		True		(0.0, 0.0, 0.0)		0.543474		0		NE
164		735390.6	736059.4	120	1		True		True		True		(0.0, 0.0, 0.0)		0.6270253		0		NE
165		739414.8	740228.9	160	1		True		True		True		(0.0, 0.0, 0.0)		0.726738		0		NW
166		743787	744530.4	160	1		True		True		True		(0.0, 0.0, 0.0)		0.4733326		0		NW
167		748132.6	749097.8	200	1		True		True		True		(0.0, 0.0, 0.0)		1.243461		0		SE
168		752199.3	753013.3	200	1		False		True		False		(0.0, 0.0, 0.0)		1.160048		0		NE
169		756681.4	757559.3	240	1		False		False		False		(0.0, 0.0, 0.0)		2.035729		0		SE
170		760923.4	761939.3	200	1		False		False		True		(0.0, 0.0, 0.0)		1.405306		0		SW
171		765233.3	765901.4	160	1		True		True		True		(0.0, 0.0, 0.0)		1.543319		0		NE
172		769254.2	770198.8	160	1		True		True		True		(0.0, 0.0, 0.0)		1.357769		0		NW
173		773679.2	774405.9	200	1		True		True		True		(0.0, 0.0, 0.0)		1.541756		0		SE
174		781704.4	782386.9	200	1		False		False		True		(0.0, 0.0, 0.0)		1.055072		0		SE
175		786120.9	786795.8	160	1		False		True		False		(0.0, 0.0, 0.0)		0.8916757		0		NW
176		798594.6	799443.1	160	1		False		False		True		(0.0, 0.0, 0.0)		0.7322966		0		SW
177		806786.9	807537.8	120	1		False		False		False		(0.0, 0.0, 0.0)		0.7492499		0		NW
178		810813.8	811663.4	80	1		True		True		True		(0.0, 0.0, 0.0)		0.5530452		0		NE
179		814835.9	815570.6	80	1		True		True		True		(0.0, 0.0, 0.0)		0.2743502		0		SE
180		818864.9	819765.1	120	1		False		False		True		(0.0, 0.0, 0.0)		0.6766958		0		SW
181		822887.1	823633.9	80	1		False		False		True		(0.0, 0.0, 0.0)		0.6306474		0		SW
182		834951.3	835589.7	40	1		True		True		True		(0.0, 0.0, 0.0)		0.553347		0		NE
183		838980.9	839585.9	40	1		True		True		True		(0.0, 0.0, 0.0)		0.311585		0		SE
184		843002.8	843572.3	80	1		False		False		False		(0.0, 0.0, 0.0)		0.8195223		0		SW
185		847447.5	848107.5	40	1		True		True		True		(0.0, 0.0, 0.0)		1.104339		0		SW
186		851909.7	852536.9	40	1		False		False		False		(0.0, 0.0, 0.0)		1.406657		0		NW
187		855933	856562.4	0	1		False		False		False		(0.0, 0.0, 0.0)		2.026713		0		NW
188		860326.9	861000.9	0	1		True		True		True		(0.0, 0.0, 0.0)		1.248879		0		SE
189		864350.5	865064.8	0	1		True		True		True		(0.0, 0.0, 0.0)		0.8201419		0		NW
190		868389.6	869032.1	40	1		True		True		True		(0.0, 0.0, 0.0)		1.716794		0		NE
191		872807.3	873497.8	40	1		True		True		True		(0.0, 0.0, 0.0)		0.5884662		0		NW
192		876831	877509.4	80	1		True		True		True		(0.0, 0.0, 0.0)		0.4462789		0		SE
193		880843.7	881522.4	80	1		True		True		True		(0.0, 0.0, 0.0)		0.3525318		0		NW
194		884859.9	885565.4	120	1		False		False		False		(0.0, 0.0, 0.0)		1.206977		0		NW
195		889330.8	890007.8	80	1		True		True		True		(0.0, 0.0, 0.0)		0.6755772		0		NW
196		893522.9	894249.4	80	1		True		True		True		(0.0, 0.0, 0.0)		0.64556		0		SE
197		897937.6	898929.4	120	1		True		True		True		(0.0, 0.0, 0.0)		1.063494		0		SE
198		901949.1	902615.1	120	1		True		True		True		(0.0, 0.0, 0.0)		1.05949		0		NW
199		906382.8	907149.8	160	1		False		False		True		(0.0, 0.0, 0.0)		0.8323904		0		SW
200		910639.3	911456.9	120	1		True		True		True		(0.0, 0.0, 0.0)		1.068936		0		NE
201		918786.7	919437.1	120	1		True		True		True		(0.0, 0.0, 0.0)		0.8958954		0		SW
202		922845.1	923724.1	160	1		False		True		False		(0.0, 0.0, 0.0)		0.6988402		0		NW
203		926910.8	927724.6	160	1		False		True		False		(0.0, 0.0, 0.0)		0.6891057		0		NW
204		931267.8	932009.4	200	1		False		True		False		(0.0, 0.0, 0.0)		0.9657023		0		SW
205		935274.8	935949.1	200	1		False		False		True		(0.0, 0.0, 0.0)		0.7149051		0		SE
206		939293.7	940113.1	160	1		False		True		False		(0.0, 0.0, 0.0)		0.3916471		0		NE
207		943467.7	944367.8	160	1		True		True		True		(0.0, 0.0, 0.0)		0.4824301		0		SE
208		947492.4	948176	200	1		False		True		False		(0.0, 0.0, 0.0)		0.6463836		0		NW
209		956329.8	957064.4	200	1		False		True		False		(0.0, 0.0, 0.0)		0.3924698		0		SE
210		960481.4	961244.8	240	1		False		False		False		(0.0, 0.0, 0.0)		0.5747397		0		SW
211		968953.6	969971.3	200	1		False		False		False		(0.0, 0.0, 0.0)		0.3752044		0		SW
212		973982.1	974678.8	160	1		False		True		False		(0.0, 0.0, 0.0)		0.8294451		0		NW
213		977999.4	978909.3	160	1		False		False		True		(0.0, 0.0, 0.0)		0.3181645		0		NE
214		982029.9	982728.6	120	1		True		True		True		(0.0, 0.0, 0.0)		0.8917379		0		SE
215		991308.8	991984.4	120	1		True		True		True		(0.0, 0.0, 0.0)		0.7666138		0		SW
216		995331.5	995990	160	1		True		True		True		(0.0, 0.0, 0.0)		0.5926556		0		SW
217		1000362	1001244	160	1		True		True		True		(0.0, 0.0, 0.0)		0.9450318		0		SW
218		1008405	1009305	200	1		False		True		False		(0.0, 0.0, 0.0)		1.038838		0		NW
219		1012449	1013263	200	1		False		True		False		(0.0, 0.0, 0.0)		0.845962		0		NW
220		1016827	1017671	240	1		True		True		True		(0.0, 0.0, 0.0)		0.9637173		0		SW
221		1020846	1021502	240	1		False		False		False		(0.0, 0.0, 0.0)		2.008286		0		SW
222		1024858	1025504	200	1		True		True		True		(0.0, 0.0, 0.0)		1.031668		0		NE
223		1029142	1029665	200	1		False		False		True		(0.0, 0.0, 0.0)		1.060658		0		SE
224		1033185	1033913	160	1		True		True		True		(0.0, 0.0, 0.0)		0.675808		0		NW
225		1037514	1038675	160	1		False		False		False		(0.0, 0.0, 0.0)		0.5935037		0		NW
226		1041533	1042303	120	1		False		True		False		(0.0, 0.0, 0.0)		0.6637523		0		NW
227		1045558	1046223	120	1		True		True		True		(0.0, 0.0, 0.0)		0.978779		0		SE
228		1050016	1050737	160	1		True		True		True		(0.0, 0.0, 0.0)		1.083767		0		NW
229		1054414	1055119	160	1		False		False		False		(0.0, 0.0, 0.0)		0.4776918		0		SW
230		1058430	1059246	120	1		True		True		True		(0.0, 0.0, 0.0)		0.6472986		0		NE
231		1062448	1063159	120	1		False		False		False		(0.0, 0.0, 0.0)		1.398439		0		SE
232		1068271	1068936	80	1		True		True		True		(0.0, 0.0, 0.0)		1.094092		0		NW
233		1076398	1077203	80	1		True		True		True		(0.0, 0.0, 0.0)		0.8023193		0		NW
234		1080418	1081209	120	1		False		False		False		(0.0, 0.0, 0.0)		1.028296		0		NW
235		1084440	1085298	80	1		True		True		True		(0.0, 0.0, 0.0)		0.76599		0		NW
236		1088469	1089175	80	1		True		True		True		(0.0, 0.0, 0.0)		0.6220094		0		NE
237		1092972	1093734	120	1		True		True		True		(0.0, 0.0, 0.0)		0.4235446		0		NW
238		1101431	1102144	120	1		True		True		True		(0.0, 0.0, 0.0)		0.4951578		0		NW
239		1105898	1106524	160	1		True		True		True		(0.0, 0.0, 0.0)		1.111814		0		NE
240		1109923	1110536	160	1		False		False		True		(0.0, 0.0, 0.0)		0.5510729		0		SW
241		1114313	1115024	120	1		True		True		True		(0.0, 0.0, 0.0)		0.3345264		0		NE
242		1118646	1119231	120	1		True		True		True		(0.0, 0.0, 0.0)		0.5930372		0		NW
243		1122661	1123355	160	1		True		True		True		(0.0, 0.0, 0.0)		0.8318411		0		SE
244		1127089	1127679	160	1		True		True		True		(0.0, 0.0, 0.0)		0.6870335		0		NE
245		1131482	1132084	200	1		False		True		False		(0.0, 0.0, 0.0)		0.8382295		0		NW
246		1136384	1137005	200	1		False		True		False		(0.0, 0.0, 0.0)		1.235386		0		NW
247		1140414	1141122	240	1		True		True		True		(0.0, 0.0, 0.0)		1.572305		0		NE
248		1144428	1145213	240	1		False		False		True		(0.0, 0.0, 0.0)		0.5600628		0		SW
249		1148457	1149087	200	1		False		False		True		(0.0, 0.0, 0.0)		0.7492411		0		SW
250		1152758	1153983	160	1		False		True		False		(0.0, 0.0, 0.0)		1.050729		0		NE
251		1156901	1157554	160	1		False		True		False		(0.0, 0.0, 0.0)		0.4779693		0		NE
252		1160924	1161913	200	1		False		True		False		(0.0, 0.0, 0.0)		0.74257		0		NW
253		1165224	1165977	200	1		True		True		True		(0.0, 0.0, 0.0)		0.6976026		0		SE
254		1169243	1169901	240	1		False		False		False		(0.0, 0.0, 0.0)		0.798948		0		SE
255		1173551	1174230	200	1		True		True		True		(0.0, 0.0, 0.0)		0.7596294		0		NW
256		1177567	1178236	200	1		True		True		True		(0.0, 0.0, 0.0)		1.070542		0		SE
257		1181594	1182246	240	1		False		False		True		(0.0, 0.0, 0.0)		0.3816524		0		SE
258		1185887	1186527	200	1		False		True		False		(0.0, 0.0, 0.0)		0.5634161		0		NW
259		1190639	1191418	200	1		False		False		True		(0.0, 0.0, 0.0)		1.341786		0		SE
260		1195025	1195665	160	1		True		True		True		(0.0, 0.0, 0.0)		0.5732117		0		NW
261		1199102	1199746	160	1		False		False		False		(0.0, 0.0, 0.0)		0.7387626		0		SW
262		1203480	1205353	120	1		True		True		True		(0.0, 0.0, 0.0)		1.035136		0		SW
263		1207501	1208588	120	1		True		True		True		(0.0, 0.0, 0.0)		1.232144		0		SW
264		1212037	1212872	160	1		False		True		False		(0.0, 0.0, 0.0)		1.273936		0		SE
265		1216358	1217196	160	1		False		True		False		(0.0, 0.0, 0.0)		0.8320079		0		NE
266		1220379	1221132	200	1		True		True		True		(0.0, 0.0, 0.0)		1.657775		0		NE
267		1224396	1225438	200	1		False		False		False		(0.0, 0.0, 0.0)		1.412828		0		NE
268		1228516	1229240	160	1		True		True		True		(0.0, 0.0, 0.0)		1.146424		0		NE
269		1232691	1233353	160	1		True		True		True		(0.0, 0.0, 0.0)		1.135076		0		NW
270		1236877	1237816	200	1		False		False		False		(0.0, 0.0, 0.0)		0.492123		0		SW
271		1241143	1241849	160	1		True		True		True		(0.0, 0.0, 0.0)		0.8374199		0		NW
272		1245550	1246354	160	1		True		True		True		(0.0, 0.0, 0.0)		0.8800315		0		SW
273		1249689	1250371	200	1		False		True		False		(0.0, 0.0, 0.0)		0.9848968		0		NW
274		1253705	1255144	200	1		False		False		True		(0.0, 0.0, 0.0)		0.6798712		0		SW
275		1257720	1258464	160	1		True		True		True		(0.0, 0.0, 0.0)		0.4387237		0		NE
276		1262203	1262989	160	1		False		False		True		(0.0, 0.0, 0.0)		0.5433558		0		NE
277		1266218	1266918	120	1		True		True		True		(0.0, 0.0, 0.0)		1.050757		0		SW
278		1270518	1271301	120	1		True		True		True		(0.0, 0.0, 0.0)		1.202433		0		SW
279		1274968	1275747	160	1		False		False		True		(0.0, 0.0, 0.0)		1.730873		0		NW
280		1279348	1280096	120	1		True		True		True		(0.0, 0.0, 0.0)		1.407416		0		NW
281		1283374	1284166	120	1		True		True		True		(0.0, 0.0, 0.0)		1.934308		0		SE
282		1287399	1288198	160	1		False		True		False		(0.0, 0.0, 0.0)		0.9748983		0		NE
283		1291575	1292315	160	1		True		True		True		(0.0, 0.0, 0.0)		0.2249645		0		NW
284		1295599	1296233	200	1		True		True		True		(0.0, 0.0, 0.0)		1.877275		0		NE
285		1299608	1300209	200	1		False		True		False		(0.0, 0.0, 0.0)		2.117042		0		NE
286		1304108	1305073	240	1		False		True		False		(0.0, 0.0, 0.0)		1.249919		0		NE
287		1308123	1308806	240	1		False		False		True		(0.0, 0.0, 0.0)		0.7310164		0		SE
288		1312143	1312762	200	1		False		True		False		(0.0, 0.0, 0.0)		1.422612		0		SE
289		1316176	1316749	200	1		False		False		True		(0.0, 0.0, 0.0)		2.50252		0		SW
290		1320185	1320857	160	1		True		True		True		(0.0, 0.0, 0.0)		0.7571335		0		NE
291		1324203	1324897	160	1		True		True		True		(0.0, 0.0, 0.0)		0.2795743		0		SE
292		1328220	1328945	200	1		False		True		False		(0.0, 0.0, 0.0)		1.692251		0		NE
293		1332244	1333098	200	1		True		True		True		(0.0, 0.0, 0.0)		0.7669712		0		NW
294		1336268	1337038	240	1		False		False		False		(0.0, 0.0, 0.0)		0.3007936		0		SW
295		1340284	1341403	200	1		True		True		True		(0.0, 0.0, 0.0)		1.383394		0		SW
296		1344298	1345046	200	1		False		False		False		(0.0, 0.0, 0.0)		1.133877		0		SW
297		1348312	1349100	160	1		False		False		False		(0.0, 0.0, 0.0)		1.897673		0		SW
298		1352334	1353176	120	1		True		True		True		(0.0, 0.0, 0.0)		2.119589		0		NW
299		1356347	1357188	120	1		True		True		True		(0.0, 0.0, 0.0)		1.636883		0		SW
300		1360371	1361158	160	1		False		False		True		(0.0, 0.0, 0.0)		2.060513		0		SE
