TrialNumber	StartTime	EndTime	CoherenceAngle	StaircaseNumber	CombinedResponse	CorrectVertical	CorrectHorizontal	GazeErrorHeadErrorStimulusDirection
0		30943.09	32217.93	0	1		True		True		True		(0.0, 0.0, 0.0)		0.8308924		0		SE
1		35549.16	36265.76	0	1		True		True		True		(0.0, 0.0, 0.0)		0.7715313		0		SW
2		39569.76	40402.56	40	1		True		True		True		(0.0, 0.0, 0.0)		0.4722268		0		SE
3		43580.49	44296.05	40	1		True		True		True		(0.0, 0.0, 0.0)		0.5868267		0		SW
4		48154.53	49118.91	80	1		True		True		True		(0.0, 0.0, 0.0)		0.6534615		0		NE
5		52177.47	53038.04	80	1		False		False		False		(0.0, 0.0, 0.0)		0.6080641		0		SE
6		56198.97	56945.6	40	1		True		True		True		(0.0, 0.0, 0.0)		1.06075		0		NW
7		60215.89	60972.84	40	1		True		True		True		(0.0, 0.0, 0.0)		1.175196		0		NE
8		64691.35	65494.78	80	1		True		True		True		(0.0, 0.0, 0.0)		1.039923		0		NE
9		69070.6	69832.64	80	1		True		True		True		(0.0, 0.0, 0.0)		0.7886028		0		SE
10		73619.37	74311.06	120	1		True		True		True		(0.0, 0.0, 0.0)		1.038504		0		NW
11		77962.52	78863.62	120	1		True		True		True		(0.0, 0.0, 0.0)		1.255921		0		NE
12		82393.28	83261.58	160	1		False		False		True		(0.0, 0.0, 0.0)		1.13579		0		NW
13		87492.65	88958.92	120	1		True		True		True		(0.0, 0.0, 0.0)		0.5369821		0		NE
14		91504.66	92476.93	120	1		True		True		True		(0.0, 0.0, 0.0)		1.111553		0		SW
15		95531.79	96551.42	160	1		True		True		True		(0.0, 0.0, 0.0)		1.352668		0		NW
16		99605.99	100539.2	160	1		False		False		True		(0.0, 0.0, 0.0)		1.103832		0		NE
17		104033.7	104750.2	120	1		True		True		True		(0.0, 0.0, 0.0)		0.4186959		0		SW
18		108057.5	108799.9	120	1		True		True		True		(0.0, 0.0, 0.0)		1.23837		0		NW
19		112443.6	113249.4	160	1		True		True		True		(0.0, 0.0, 0.0)		1.365643		0		SE
20		117100.7	118143.2	160	1		False		False		False		(0.0, 0.0, 0.0)		1.438907		0		SE
21		121125.3	122039.9	120	1		False		False		False		(0.0, 0.0, 0.0)		1.297549		0		SW
22		125361.1	126243	80	1		False		False		False		(0.0, 0.0, 0.0)		1.104227		0		NW
23		134223.2	135049.4	40	1		True		True		True		(0.0, 0.0, 0.0)		0.5174814		0		NW
24		138236	138967.2	40	1		True		True		True		(0.0, 0.0, 0.0)		0.9868059		0		SW
25		142466.4	143347	80	1		True		True		True		(0.0, 0.0, 0.0)		0.460385		0		NE
26		146490.4	147285	80	1		True		True		True		(0.0, 0.0, 0.0)		0.9970769		0		SW
27		150511	151271	120	1		True		True		True		(0.0, 0.0, 0.0)		1.158078		0		SW
28		154981.9	155851.5	120	1		True		True		True		(0.0, 0.0, 0.0)		0.7711359		0		SE
29		160003.8	160772	160	1		False		False		True		(0.0, 0.0, 0.0)		0.8779424		0		SW
30		165042.2	165838.6	120	1		True		True		True		(0.0, 0.0, 0.0)		1.060998		0		SE
31		169544.2	170459.2	120	1		False		False		True		(0.0, 0.0, 0.0)		1.685936		0		SW
32		173755.4	174769.4	80	1		True		True		True		(0.0, 0.0, 0.0)		1.916074		0		SE
33		177834.3	178522.2	80	1		True		True		True		(0.0, 0.0, 0.0)		0.4540485		0		SW
34		181958.6	184686.9	120	1		True		True		True		(0.0, 0.0, 0.0)		0.6701697		0		SE
35		186332.4	187621.1	120	1		True		True		True		(0.0, 0.0, 0.0)		1.129719		0		NE
36		190941.9	191690.8	160	1		False		True		False		(0.0, 0.0, 0.0)		2.247301		0		SW
37		195407.4	196060	160	1		True		True		True		(0.0, 0.0, 0.0)		1.007132		0		NE
38		199553.9	200348.9	200	1		False		False		True		(0.0, 0.0, 0.0)		1.421299		0		SW
39		204016.9	204756.5	160	1		True		True		True		(0.0, 0.0, 0.0)		1.384133		0		NW
40		208370.7	209231.9	160	1		False		True		False		(0.0, 0.0, 0.0)		1.538927		0		SW
41		212500.5	213890.9	200	1		False		True		False		(0.0, 0.0, 0.0)		1.173639		0		NW
42		216521.5	217852.9	200	1		True		True		True		(0.0, 0.0, 0.0)		1.447176		0		NE
43		221154	221846.1	240	1		True		True		True		(0.0, 0.0, 0.0)		1.215264		0		SW
44		225832.3	226517	240	1		False		False		True		(0.0, 0.0, 0.0)		1.95364		0		SE
45		229845.4	230930.4	200	1		False		True		False		(0.0, 0.0, 0.0)		1.308883		0		SW
46		234486.1	235675.9	200	1		False		False		True		(0.0, 0.0, 0.0)		1.528083		0		SE
47		239103.3	239866.3	160	1		True		True		True		(0.0, 0.0, 0.0)		1.783696		0		NW
48		243405.3	244097.6	160	1		True		True		True		(0.0, 0.0, 0.0)		1.760975		0		SE
49		247524.6	248258.4	200	1		True		True		True		(0.0, 0.0, 0.0)		1.308141		0		SE
50		251543.3	252304.8	200	1		True		True		True		(0.0, 0.0, 0.0)		0.2793857		0		NW
51		255562.6	256254	240	1		False		False		True		(0.0, 0.0, 0.0)		1.733995		0		NE
52		259586.9	260327.2	200	1		False		True		False		(0.0, 0.0, 0.0)		0.9520386		0		NE
53		263616.8	264499.2	200	1		False		True		False		(0.0, 0.0, 0.0)		1.773675		0		SW
54		267634	268317.3	240	1		False		True		False		(0.0, 0.0, 0.0)		0.6752683		0		NE
55		272167.6	272980.3	240	1		False		False		True		(0.0, 0.0, 0.0)		0.811835		0		SW
56		276186.7	276995.8	200	1		False		True		False		(0.0, 0.0, 0.0)		0.7137024		0		SW
57		280612.7	281347.1	200	1		False		False		True		(0.0, 0.0, 0.0)		1.057592		0		SW
58		284640.4	285542.7	160	1		True		True		True		(0.0, 0.0, 0.0)		1.058863		0		SE
59		288655	289373.5	160	1		False		True		False		(0.0, 0.0, 0.0)		1.223116		0		NE
60		293248.6	293972	200	1		False		False		False		(0.0, 0.0, 0.0)		0.6701218		0		SE
61		297269	298018.2	160	1		True		True		True		(0.0, 0.0, 0.0)		0.5003442		0		NW
62		301292.5	303339.8	160	1		True		True		True		(0.0, 0.0, 0.0)		1.346516		0		SE
63		305984.8	306852.5	200	1		False		False		True		(0.0, 0.0, 0.0)		0.9024147		0		NE
64		310013.7	310924.2	160	1		True		True		True		(0.0, 0.0, 0.0)		1.508057		0		NW
65		314546.1	315393.8	160	1		False		True		False		(0.0, 0.0, 0.0)		1.523122		0		SW
66		318969.3	319742	200	1		False		False		True		(0.0, 0.0, 0.0)		1.793788		0		SW
67		322987.3	324635.1	160	1		False		False		False		(0.0, 0.0, 0.0)		1.308076		0		SW
68		327618.8	328410.7	120	1		True		True		True		(0.0, 0.0, 0.0)		1.007715		0		NE
69		331633.2	332554.9	120	1		True		True		True		(0.0, 0.0, 0.0)		0.7874885		0		NW
70		335653.3	336909.7	160	1		False		False		False		(0.0, 0.0, 0.0)		1.598036		0		SW
71		339942.1	340871.3	120	1		False		False		False		(0.0, 0.0, 0.0)		1.384246		0		SW
72		344607.7	345693.3	80	1		False		False		False		(0.0, 0.0, 0.0)		1.140869		0		SE
73		348915.2	349723	40	1		True		True		True		(0.0, 0.0, 0.0)		1.141679		0		SW
74		352947.7	353615.1	40	1		True		True		True		(0.0, 0.0, 0.0)		1.612597		0		NE
75		357007.1	359109.5	80	1		False		False		False		(0.0, 0.0, 0.0)		1.901268		0		NW
76		361460	362739	40	1		True		True		True		(0.0, 0.0, 0.0)		1.129995		0		NW
77		366082.3	366822.8	40	1		True		True		True		(0.0, 0.0, 0.0)		0.4645704		0		NW
78		370113	371756.4	80	1		True		True		True		(0.0, 0.0, 0.0)		1.356581		0		SE
79		374590.6	375536.8	80	1		True		True		True		(0.0, 0.0, 0.0)		1.518434		0		SE
80		379067.5	379903.5	120	1		False		False		False		(0.0, 0.0, 0.0)		2.342673		0		SW
81		383487.3	384310.8	80	1		False		False		False		(0.0, 0.0, 0.0)		0.6806009		0		SW
82		391529.5	392211.9	40	1		True		True		True		(0.0, 0.0, 0.0)		1.525178		0		NE
83		395699.6	396347.2	40	1		True		True		True		(0.0, 0.0, 0.0)		0.5310465		0		SW
84		400010.6	401201.8	80	1		True		True		True		(0.0, 0.0, 0.0)		0.6642818		0		SE
85		404020.5	404895	80	1		True		True		True		(0.0, 0.0, 0.0)		0.6312258		0		SE
86		408029.3	408760.6	120	1		True		True		True		(0.0, 0.0, 0.0)		0.7354507		0		NE
87		412223.1	412875.6	120	1		True		True		True		(0.0, 0.0, 0.0)		0.5187685		0		SW
88		416242.4	417440.8	160	1		False		True		False		(0.0, 0.0, 0.0)		0.5769517		0		NW
89		420262.5	421534.2	160	1		True		True		True		(0.0, 0.0, 0.0)		1.56677		0		NE
90		424283.4	425269.9	200	1		False		True		False		(0.0, 0.0, 0.0)		1.131333		0		SW
91		428497.4	430131.8	200	1		True		True		True		(0.0, 0.0, 0.0)		1.439187		0		SE
92		432842.1	433652.7	240	1		False		True		False		(0.0, 0.0, 0.0)		0.7864988		0		NW
93		436874.7	437640.4	240	1		True		True		True		(0.0, 0.0, 0.0)		1.00956		0		SE
94		440894.3	441834	280	1		False		False		True		(0.0, 0.0, 0.0)		1.300004		0		SW
95		445522.5	446185.3	240	1		False		False		True		(0.0, 0.0, 0.0)		0.4720778		0		NW
96		449547.9	450435.2	200	1		False		False		True		(0.0, 0.0, 0.0)		1.808097		0		NE
97		453577.3	454467.2	160	1		False		False		True		(0.0, 0.0, 0.0)		1.28055		0		SW
98		461919.4	462927.1	120	1		True		True		True		(0.0, 0.0, 0.0)		0.3685709		0		NW
99		465933.7	466774.3	120	1		True		True		True		(0.0, 0.0, 0.0)		0.02745247		0		SW
100		470517.8	471311.8	160	1		False		False		True		(0.0, 0.0, 0.0)		0.5118797		0		NE
101		475298.1	476086.2	120	1		True		True		True		(0.0, 0.0, 0.0)		0.9037367		0		NW
102		479415.9	480233.3	120	1		True		True		True		(0.0, 0.0, 0.0)		0.3910642		0		NE
103		483781.6	484608.6	160	1		False		True		False		(0.0, 0.0, 0.0)		0.5805913		0		SW
104		487795.8	488553.9	160	1		True		True		True		(0.0, 0.0, 0.0)		0.736674		0		NE
105		491888.6	492812	200	1		True		True		True		(0.0, 0.0, 0.0)		1.269647		0		NE
106		496248.5	496999	200	1		True		True		True		(0.0, 0.0, 0.0)		0.9587526		0		SE
107		500278.5	501084.1	240	1		False		False		False		(0.0, 0.0, 0.0)		0.8775375		0		SW
108		504383.6	505284.8	200	1		True		True		True		(0.0, 0.0, 0.0)		0.6512324		0		NE
109		508400.1	509670	200	1		False		True		False		(0.0, 0.0, 0.0)		0.8458595		0		SE
110		512713.8	513507.4	240	1		False		True		False		(0.0, 0.0, 0.0)		1.16308		0		NW
111		516733.8	517519	240	1		False		True		False		(0.0, 0.0, 0.0)		0.6062312		0		SE
112		521152.2	522070.1	280	1		False		True		False		(0.0, 0.0, 0.0)		1.202957		0		NE
113		525180.7	526103	280	1		False		False		False		(0.0, 0.0, 0.0)		0.7964046		0		SE
114		529226.6	529950.4	240	1		False		True		False		(0.0, 0.0, 0.0)		0.6599714		0		SE
115		533247.8	534087.3	240	1		False		True		False		(0.0, 0.0, 0.0)		0.1881476		0		SW
116		537278.1	538254.1	280	1		False		True		False		(0.0, 0.0, 0.0)		0.955284		0		NE
117		541290.3	542565	280	1		False		True		False		(0.0, 0.0, 0.0)		1.29299		0		NW
118		545804.6	547215.4	320	1		False		False		False		(0.0, 0.0, 0.0)		0.6271326		0		SW
119		549822.1	550894.6	280	1		True		True		True		(0.0, 0.0, 0.0)		0.7334219		0		NE
120		553834.4	554660.6	280	1		False		False		True		(0.0, 0.0, 0.0)		0.2358406		0		NW
121		557846.4	558631.8	240	1		False		False		False		(0.0, 0.0, 0.0)		0.5269452		0		SW
122		561874.3	562752.8	200	1		False		False		True		(0.0, 0.0, 0.0)		0.8334397		0		SE
123		566233.7	566938	160	1		False		True		False		(0.0, 0.0, 0.0)		0.8035496		0		NE
124		570728.1	571494.5	160	1		True		True		True		(0.0, 0.0, 0.0)		0.4219717		0		SW
125		574987.8	575720.1	200	1		False		False		False		(0.0, 0.0, 0.0)		1.051898		0		SW
126		579014.5	579826.5	160	1		True		True		True		(0.0, 0.0, 0.0)		1.443022		0		NE
127		583535.6	584376.5	160	1		False		True		False		(0.0, 0.0, 0.0)		0.7543118		0		NW
128		587730.7	588509.5	200	1		True		True		True		(0.0, 0.0, 0.0)		0.7504719		0		SW
129		592198.1	593098.1	200	1		False		False		True		(0.0, 0.0, 0.0)		0.3843784		0		SW
130		597079.8	597751.7	160	1		True		True		True		(0.0, 0.0, 0.0)		1.143912		0		NE
131		601348.3	602387.9	160	1		True		True		True		(0.0, 0.0, 0.0)		1.78355		0		SE
132		605528	606291.4	200	1		True		True		True		(0.0, 0.0, 0.0)		0.7678795		0		NE
133		609791.9	610590.9	200	1		False		False		True		(0.0, 0.0, 0.0)		0.3260532		0		NW
134		614163.4	614859.8	160	1		False		False		True		(0.0, 0.0, 0.0)		0.3799634		0		SE
135		618984.1	619824.4	120	1		True		True		True		(0.0, 0.0, 0.0)		0.7996069		0		NE
136		623009.6	623705.1	120	1		True		True		True		(0.0, 0.0, 0.0)		1.100304		0		NE
137		627241.5	627953.3	160	1		True		True		True		(0.0, 0.0, 0.0)		1.22559		0		SW
138		631258.8	631985	160	1		False		False		False		(0.0, 0.0, 0.0)		1.238354		0		SW
139		635764.3	636468.9	120	1		True		True		True		(0.0, 0.0, 0.0)		0.4490158		0		NE
140		640669.2	641358.8	120	1		False		True		False		(0.0, 0.0, 0.0)		1.115914		0		SE
141		644692.7	645453.3	160	1		False		False		False		(0.0, 0.0, 0.0)		1.054255		0		SW
142		648881.8	649600.9	120	1		True		True		True		(0.0, 0.0, 0.0)		0.4493791		0		NW
143		652910.2	653932.3	120	1		False		False		False		(0.0, 0.0, 0.0)		0.1322106		0		NW
144		656925.9	657768.1	80	1		False		False		False		(0.0, 0.0, 0.0)		0.2999704		0		NW
145		661367.9	662042.4	40	1		True		True		True		(0.0, 0.0, 0.0)		0.8959653		0		NE
146		665395.5	666089.9	40	1		True		True		True		(0.0, 0.0, 0.0)		0.9725354		0		NW
147		669811.1	671439.9	80	1		False		False		False		(0.0, 0.0, 0.0)		1.581492		0		NW
148		674259.9	674993.9	40	1		True		True		True		(0.0, 0.0, 0.0)		1.028257		0		SW
149		678283.6	679024.6	40	1		False		False		False		(0.0, 0.0, 0.0)		0.833618		0		SW
150		682850	683517.7	0	1		True		True		True		(0.0, 0.0, 0.0)		1.078831		0		SW
151		690901.1	691675.5	0	1		True		True		True		(0.0, 0.0, 0.0)		0.6751466		0		NW
152		695108.8	696441.3	40	1		True		True		True		(0.0, 0.0, 0.0)		1.091207		0		SW
153		699150.6	699929.3	40	1		False		False		True		(0.0, 0.0, 0.0)		0.3497893		0		NE
154		703165.9	703960	0	1		True		True		True		(0.0, 0.0, 0.0)		0.7894257		0		NW
155		707303.9	708044.4	0	1		True		True		True		(0.0, 0.0, 0.0)		1.285757		0		NE
156		712387.4	713422.4	40	1		True		True		True		(0.0, 0.0, 0.0)		1.55585		0		NE
157		716522.3	717771.2	40	1		True		True		True		(0.0, 0.0, 0.0)		1.043429		0		NW
158		721056.1	721854	80	1		False		False		False		(0.0, 0.0, 0.0)		0.7439073		0		SW
159		725318.5	726132.6	40	1		True		True		True		(0.0, 0.0, 0.0)		1.296141		0		NW
160		729773.3	730478.4	40	1		True		True		True		(0.0, 0.0, 0.0)		0.1463211		0		SW
161		733798.1	735133.3	80	1		False		False		False		(0.0, 0.0, 0.0)		1.107428		0		SW
162		742705.8	743691.2	40	1		True		True		True		(0.0, 0.0, 0.0)		1.444871		0		SW
163		746939.5	747642	40	1		True		True		True		(0.0, 0.0, 0.0)		0.9270208		0		SW
164		750955.9	751773.2	80	1		True		True		True		(0.0, 0.0, 0.0)		0.9573178		0		SE
165		754983.6	755712	80	1		True		True		True		(0.0, 0.0, 0.0)		1.64159		0		SE
166		759007.4	759757.8	120	1		True		True		True		(0.0, 0.0, 0.0)		0.3584754		0		NW
167		763146.4	764004.1	120	1		True		True		True		(0.0, 0.0, 0.0)		1.194388		0		NW
168		767530.6	768293.1	160	1		True		True		True		(0.0, 0.0, 0.0)		0.5525273		0		SE
169		771920.3	772836.9	160	1		False		True		False		(0.0, 0.0, 0.0)		1.2959		0		SW
170		776462.3	777460.6	200	1		True		True		True		(0.0, 0.0, 0.0)		0.3429886		0		NW
171		780930.2	781756.5	200	1		False		True		False		(0.0, 0.0, 0.0)		0.3327693		0		SW
172		785358.3	786319.8	240	1		False		False		False		(0.0, 0.0, 0.0)		0.9636821		0		SW
173		789783.9	790687.1	200	1		False		False		True		(0.0, 0.0, 0.0)		0.8967174		0		SE
174		794261.8	795104.1	160	1		False		False		True		(0.0, 0.0, 0.0)		0.4335846		0		SE
175		798553.3	799376.3	120	1		False		False		False		(0.0, 0.0, 0.0)		0.9206276		0		SW
176		802574.1	803444.3	80	1		True		True		True		(0.0, 0.0, 0.0)		1.838982		0		NW
177		806605.2	807407.8	80	1		True		True		True		(0.0, 0.0, 0.0)		0.4205683		0		NW
178		810623.9	811324.8	120	1		True		True		True		(0.0, 0.0, 0.0)		0.5315579		0		SE
179		815025.3	815784.4	120	1		False		False		False		(0.0, 0.0, 0.0)		1.278942		0		SW
180		819054	820863.6	80	1		True		True		True		(0.0, 0.0, 0.0)		0.8069226		0		SW
181		823079.7	824066.4	80	1		False		False		False		(0.0, 0.0, 0.0)		1.488221		0		SW
182		827537.8	828361.4	40	1		True		True		True		(0.0, 0.0, 0.0)		1.114515		0		SE
183		831556.4	832289.8	40	1		True		True		True		(0.0, 0.0, 0.0)		1.705109		0		SW
184		835574.7	836319.4	80	1		True		True		True		(0.0, 0.0, 0.0)		1.116026		0		NW
185		839601.4	840276.9	80	1		True		True		True		(0.0, 0.0, 0.0)		0.9613712		0		NW
186		843621.4	844324	120	1		True		True		True		(0.0, 0.0, 0.0)		1.54866		0		NW
187		847652.6	848493.9	120	1		False		False		False		(0.0, 0.0, 0.0)		1.262393		0		NW
188		851804.9	853024.5	80	1		False		False		False		(0.0, 0.0, 0.0)		1.36992		0		SW
189		856059.1	856721.9	40	1		True		True		True		(0.0, 0.0, 0.0)		0.2072319		0		SW
190		860084.2	860792.4	40	1		True		True		True		(0.0, 0.0, 0.0)		0.6962362		0		SE
191		868114.3	868806	80	1		True		True		True		(0.0, 0.0, 0.0)		0.959441		0		NW
192		872651.7	873349.6	80	1		True		True		True		(0.0, 0.0, 0.0)		1.010413		0		SW
193		877078.6	877789	120	1		True		True		True		(0.0, 0.0, 0.0)		0.9249544		0		SE
194		881560.9	882321.2	120	1		True		True		True		(0.0, 0.0, 0.0)		1.394809		0		NE
195		885579.8	886317.4	160	1		False		False		True		(0.0, 0.0, 0.0)		1.278509		0		NW
196		889730.8	890847.4	120	1		True		True		True		(0.0, 0.0, 0.0)		1.525034		0		SE
197		893753.9	894463.3	120	1		True		True		True		(0.0, 0.0, 0.0)		1.69735		0		NW
198		897767.1	898524.1	160	1		True		True		True		(0.0, 0.0, 0.0)		0.5514638		0		SE
199		902795.4	903564.6	160	1		True		True		True		(0.0, 0.0, 0.0)		1.131176		0		NW
200		906812.8	907668	200	1		False		False		False		(0.0, 0.0, 0.0)		0.5851421		0		NW
201		910834.1	911603.8	160	1		True		True		True		(0.0, 0.0, 0.0)		1.015158		0		SE
202		914845.1	915600.3	160	1		False		False		True		(0.0, 0.0, 0.0)		1.078223		0		SW
203		922869.9	924555.8	120	1		False		False		True		(0.0, 0.0, 0.0)		1.402158		0		NE
204		927575.1	928665.4	80	1		True		True		True		(0.0, 0.0, 0.0)		1.451161		0		SW
205		931612.5	932367.9	80	1		True		True		True		(0.0, 0.0, 0.0)		1.325354		0		NE
206		935627.9	936573.2	120	1		False		False		True		(0.0, 0.0, 0.0)		1.201037		0		NE
207		940149.3	940881.1	80	1		False		False		False		(0.0, 0.0, 0.0)		1.033169		0		NW
208		944179.3	944912.3	40	1		True		True		True		(0.0, 0.0, 0.0)		0.5393369		0		SE
209		948199.5	948889.5	40	1		True		True		True		(0.0, 0.0, 0.0)		1.470194		0		SW
210		952214.3	953136.8	80	1		True		True		True		(0.0, 0.0, 0.0)		1.122543		0		NW
211		960759.3	961803.7	80	1		True		True		True		(0.0, 0.0, 0.0)		1.116886		0		NW
212		964769.4	965530.5	120	1		False		False		True		(0.0, 0.0, 0.0)		1.093109		0		NE
213		968791.1	969446.6	80	1		True		True		True		(0.0, 0.0, 0.0)		0.531586		0		NE
214		973279.8	974132.2	80	1		True		True		True		(0.0, 0.0, 0.0)		0.321977		0		SE
215		977676	978493.1	120	1		False		False		False		(0.0, 0.0, 0.0)		0.4845633		0		SE
216		981688.3	982437.8	80	1		True		True		True		(0.0, 0.0, 0.0)		0.7258503		0		NW
217		986050.6	986853.1	80	1		True		True		True		(0.0, 0.0, 0.0)		0.9625869		0		NE
218		990383.1	991179.5	120	1		True		True		True		(0.0, 0.0, 0.0)		0.9387413		0		NW
219		994806.8	995554.7	120	1		True		True		True		(0.0, 0.0, 0.0)		1.052248		0		NW
220		999330.9	1000343	160	1		True		True		True		(0.0, 0.0, 0.0)		1.022958		0		NW
221		1003353	1004091	160	1		False		False		True		(0.0, 0.0, 0.0)		0.8697979		0		SW
222		1007839	1008541	120	1		True		True		True		(0.0, 0.0, 0.0)		0.8717732		0		NE
223		1018535	1019257	120	1		True		True		True		(0.0, 0.0, 0.0)		1.090827		0		SW
224		1022558	1023524	160	1		True		True		True		(0.0, 0.0, 0.0)		1.354026		0		NW
225		1026915	1027892	160	1		True		True		True		(0.0, 0.0, 0.0)		1.515293		0		NW
226		1031302	1033277	200	1		False		False		True		(0.0, 0.0, 0.0)		1.014179		0		NE
227		1035852	1036698	160	1		True		True		True		(0.0, 0.0, 0.0)		1.409784		0		NW
228		1040274	1041035	160	1		False		False		True		(0.0, 0.0, 0.0)		1.017489		0		SW
229		1044350	1045184	120	1		False		False		True		(0.0, 0.0, 0.0)		1.181802		0		SW
230		1048376	1049583	80	1		False		False		False		(0.0, 0.0, 0.0)		0.5281557		0		NW
231		1052400	1053390	40	1		True		True		True		(0.0, 0.0, 0.0)		0.9732065		0		SE
232		1056420	1057169	40	1		True		True		True		(0.0, 0.0, 0.0)		0.9342754		0		NE
233		1060784	1061573	80	1		False		False		False		(0.0, 0.0, 0.0)		0.7052938		0		SE
234		1064806	1065645	40	1		True		True		True		(0.0, 0.0, 0.0)		1.061024		0		NW
235		1068834	1069857	40	1		True		True		True		(0.0, 0.0, 0.0)		1.382299		0		NE
236		1072851	1073717	80	1		True		True		True		(0.0, 0.0, 0.0)		1.410867		0		NW
237		1077436	1078222	80	1		True		True		True		(0.0, 0.0, 0.0)		0.8083647		0		SE
238		1081450	1082312	120	1		False		False		True		(0.0, 0.0, 0.0)		1.343902		0		NE
239		1085975	1086678	80	1		True		True		True		(0.0, 0.0, 0.0)		1.571788		0		SW
240		1090003	1090719	80	1		True		True		True		(0.0, 0.0, 0.0)		0.9659101		0		NE
241		1094026	1095134	120	1		True		True		True		(0.0, 0.0, 0.0)		0.9035865		0		SW
242		1098515	1099314	120	1		False		False		False		(0.0, 0.0, 0.0)		0.3195225		0		SW
243		1102600	1103607	80	1		True		True		True		(0.0, 0.0, 0.0)		0.6705716		0		NE
244		1107283	1108158	80	1		False		False		False		(0.0, 0.0, 0.0)		1.067634		0		NE
245		1111299	1112207	40	1		True		True		True		(0.0, 0.0, 0.0)		0.1000106		0		NW
246		1115320	1115939	40	1		True		True		True		(0.0, 0.0, 0.0)		0.9116555		0		NE
247		1119616	1120472	80	1		True		True		True		(0.0, 0.0, 0.0)		0.947815		0		NE
248		1124026	1124616	80	1		False		False		False		(0.0, 0.0, 0.0)		0.7716659		0		NE
249		1128292	1129050	40	1		True		True		True		(0.0, 0.0, 0.0)		1.425297		0		SE
250		1132318	1133109	40	1		True		True		True		(0.0, 0.0, 0.0)		0.5896664		0		NW
251		1136335	1136959	80	1		True		True		True		(0.0, 0.0, 0.0)		0.5852408		0		SW
252		1140964	1141709	80	1		True		True		True		(0.0, 0.0, 0.0)		0.9687825		0		SE
253		1144994	1145741	120	1		False		False		False		(0.0, 0.0, 0.0)		0.975164		0		SE
254		1149010	1149630	80	1		True		True		True		(0.0, 0.0, 0.0)		0.449471		0		NE
255		1153447	1154062	80	1		True		True		True		(0.0, 0.0, 0.0)		0.6925135		0		SW
256		1157471	1158138	120	1		True		True		True		(0.0, 0.0, 0.0)		0.4103495		0		SW
257		1161491	1162267	120	1		False		False		False		(0.0, 0.0, 0.0)		1.420691		0		SW
258		1165709	1166444	80	1		True		True		True		(0.0, 0.0, 0.0)		1.014857		0		NE
259		1170312	1171121	80	1		True		True		True		(0.0, 0.0, 0.0)		2.179815		0		SE
260		1174326	1175177	120	1		False		False		False		(0.0, 0.0, 0.0)		1.303603		0		SE
261		1178457	1179172	80	1		True		True		True		(0.0, 0.0, 0.0)		0.9768352		0		NW
262		1183171	1183876	80	1		True		True		True		(0.0, 0.0, 0.0)		0.9079407		0		NW
263		1187199	1189300	120	1		True		True		True		(0.0, 0.0, 0.0)		1.287898		0		SE
264		1191754	1192565	120	1		False		False		False		(0.0, 0.0, 0.0)		1.83523		0		SE
265		1195764	1196592	80	1		False		False		False		(0.0, 0.0, 0.0)		1.209336		0		SE
266		1200256	1201128	40	1		False		False		False		(0.0, 0.0, 0.0)		1.275365		0		SE
267		1204847	1205701	0	1		False		False		False		(0.0, 0.0, 0.0)		0.9758161		0		SE
268		1208982	1209647	0	1		True		True		True		(0.0, 0.0, 0.0)		1.445019		0		NE
269		1213202	1213977	0	1		True		True		True		(0.0, 0.0, 0.0)		0.567315		0		NE
270		1217219	1217849	40	1		True		True		True		(0.0, 0.0, 0.0)		1.316112		0		SW
271		1221235	1221911	40	1		True		True		True		(0.0, 0.0, 0.0)		1.063491		0		NW
272		1225408	1226073	80	1		True		True		True		(0.0, 0.0, 0.0)		0.709709		0		SW
273		1229779	1230633	80	1		True		True		True		(0.0, 0.0, 0.0)		1.091213		0		NW
274		1234210	1234808	120	1		False		True		False		(0.0, 0.0, 0.0)		0.3090567		0		NW
275		1238234	1239231	120	1		True		True		True		(0.0, 0.0, 0.0)		0.8430066		0		SW
276		1242249	1243023	160	1		False		False		True		(0.0, 0.0, 0.0)		1.124413		0		SW
277		1246271	1247096	120	1		True		True		True		(0.0, 0.0, 0.0)		0.5482696		0		SW
278		1250365	1251584	120	1		False		False		False		(0.0, 0.0, 0.0)		0.7060011		0		NW
279		1256214	1256944	80	1		True		True		True		(0.0, 0.0, 0.0)		1.144154		0		NW
280		1260232	1261069	80	1		True		True		True		(0.0, 0.0, 0.0)		1.342844		0		SW
281		1268950	1269965	120	1		False		True		False		(0.0, 0.0, 0.0)		1.46307		0		NE
282		1273599	1274518	120	1		True		True		True		(0.0, 0.0, 0.0)		0.7609323		0		SE
283		1277624	1278392	160	1		True		True		True		(0.0, 0.0, 0.0)		1.071344		0		SE
284		1281826	1282561	160	1		True		True		True		(0.0, 0.0, 0.0)		0.6203095		0		NW
285		1285842	1286709	200	1		False		True		False		(0.0, 0.0, 0.0)		0.6462559		0		SW
286		1289864	1290556	200	1		False		False		True		(0.0, 0.0, 0.0)		0.09462672		0		SW
287		1293879	1294582	160	1		False		False		True		(0.0, 0.0, 0.0)		0.5930018		0		SW
288		1298068	1298828	120	1		True		True		True		(0.0, 0.0, 0.0)		0.4528938		0		NE
289		1302235	1303094	120	1		True		True		True		(0.0, 0.0, 0.0)		0.8862466		0		SE
290		1306265	1307603	160	1		True		True		True		(0.0, 0.0, 0.0)		0.988612		0		NE
291		1310289	1311121	160	1		True		True		True		(0.0, 0.0, 0.0)		0.7251972		0		NW
292		1314767	1315548	200	1		False		False		True		(0.0, 0.0, 0.0)		0.9132465		0		NW
293		1318784	1319781	160	1		True		True		True		(0.0, 0.0, 0.0)		1.378704		0		NE
294		1322804	1323830	160	1		False		False		False		(0.0, 0.0, 0.0)		1.203497		0		NE
295		1326820	1327612	120	1		True		True		True		(0.0, 0.0, 0.0)		1.349586		0		NE
296		1331204	1331872	120	1		True		True		True		(0.0, 0.0, 0.0)		1.174517		0		SE
297		1335763	1336438	160	1		True		True		True		(0.0, 0.0, 0.0)		1.298632		0		NE
298		1339773	1340608	160	1		False		False		True		(0.0, 0.0, 0.0)		0.553628		0		NW
299		1344250	1344969	120	1		True		True		True		(0.0, 0.0, 0.0)		1.035656		0		SE
300		1348269	1348998	120	1		True		True		True		(0.0, 0.0, 0.0)		0.8494333		0		SE
