TrialNumber	StartTime	EndTime	CoherenceAngle	StaircaseNumber	CombinedResponse	CorrectVertical	CorrectHorizontal	GazeErrorHeadErrorStimulusDirection
0		48952.03	50318.66	0	2		True		True		True		(0.0, 0.0, 0.0)		0.2782672		0		SW
1		53017.54	54355.54	0	1		True		True		True		(0.0, 0.0, 0.0)		0.242954		0		NE
2		57033.96	58315.43	0	2		True		True		True		(0.0, 0.0, 0.0)		0.4177529		0		NE
3		61050.54	62469.08	40	1		True		True		True		(0.0, 0.0, 0.0)		0.2687134		0		SE
4		65074.06	66805.86	40	2		False		False		False		(0.0, 0.0, 0.0)		0.5169146		0		SW
5		69089.09	70716.99	0	2		False		False		False		(0.0, 0.0, 0.0)		0.3599309		0		SW
6		73114.02	74479.64	0	1		True		True		True		(0.0, 0.0, 0.0)		0.1924671		0		SE
7		77131.71	78628.93	0	2		False		False		False		(0.0, 0.0, 0.0)		0.4371223		0		SW
8		81162.02	82704.49	0	2		True		True		True		(0.0, 0.0, 0.0)		0.6697705		0		SE
9		85183.43	86675.02	0	2		True		True		True		(0.0, 0.0, 0.0)		0.1302213		0		SW
10		89199.63	90793.05	40	1		False		False		False		(0.0, 0.0, 0.0)		0.5791512		0		SW
11		93213.11	94543.19	0	1		True		True		True		(0.0, 0.0, 0.0)		0.8184062		0		NE
12		97754.77	99330.91	0	2		True		True		True		(0.0, 0.0, 0.0)		0.2079517		0		NW
13		101773.8	103226.1	0	2		True		True		True		(0.0, 0.0, 0.0)		0.3683832		0		SE
14		105780.8	107293.9	80	2		True		True		True		(0.0, 0.0, 0.0)		0.2477161		0		NE
15		109798.9	111438	80	2		False		False		False		(0.0, 0.0, 0.0)		0.6119334		0		SW
16		113818.8	115245.6	40	1		True		True		True		(0.0, 0.0, 0.0)		0.7926046		0		NW
17		117841.2	119499.9	40	1		True		True		True		(0.0, 0.0, 0.0)		0.06440545		0		SW
18		121932.5	123208.1	40	1		True		True		True		(0.0, 0.0, 0.0)		1.10499		0		NE
19		125946.7	127586.9	80	1		True		True		True		(0.0, 0.0, 0.0)		0.4864557		0		NW
20		129957.7	131233.2	80	2		True		True		True		(0.0, 0.0, 0.0)		0.1968356		0		NE
21		133984.4	135415.4	80	2		True		True		True		(0.0, 0.0, 0.0)		0.3290587		0		SE
22		138014.5	139386	80	2		True		True		True		(0.0, 0.0, 0.0)		0.6939132		0		NW
23		142035.1	143637.2	80	1		True		True		True		(0.0, 0.0, 0.0)		0.8306022		0		NW
24		146063.9	147509.6	120	2		True		True		True		(0.0, 0.0, 0.0)		0.7408129		0		NW
25		150081.2	151553.2	120	2		False		False		False		(0.0, 0.0, 0.0)		1.364352		0		SW
26		154102.3	155525.1	80	1		True		True		True		(0.0, 0.0, 0.0)		1.105321		0		NE
27		158118.1	159371	80	2		True		True		True		(0.0, 0.0, 0.0)		0.9645513		0		SE
28		162131.2	163560.3	80	2		True		True		True		(0.0, 0.0, 0.0)		1.09213		0		NE
29		166147.4	167660	120	2		True		True		True		(0.0, 0.0, 0.0)		0.8629012		0		SW
30		170166.7	171633.3	120	1		True		True		True		(0.0, 0.0, 0.0)		1.66417		0		NW
31		174187.5	176132.8	160	2		False		False		False		(0.0, 0.0, 0.0)		1.355676		0		SW
32		178309.2	179732.9	80	2		True		True		True		(0.0, 0.0, 0.0)		1.001409		0		SW
33		182333.4	183670.2	80	1		True		True		True		(0.0, 0.0, 0.0)		0.4974686		0		SW
34		186353.5	188083.1	80	1		True		True		True		(0.0, 0.0, 0.0)		1.253628		0		NE
35		190381	192138.3	200	1		False		False		True		(0.0, 0.0, 0.0)		1.722544		0		SE
36		194761.1	196116.5	160	1		True		True		True		(0.0, 0.0, 0.0)		0.381379		0		SE
37		198783.5	200187.5	160	1		True		True		True		(0.0, 0.0, 0.0)		0.5743706		0		NE
38		202805.2	204249.5	200	2		False		True		False		(0.0, 0.0, 0.0)		1.524302		0		SW
39		206829.5	208128.7	40	1		True		True		True		(0.0, 0.0, 0.0)		1.099637		0		NE
40		210857.7	212234.8	40	2		True		True		True		(0.0, 0.0, 0.0)		1.669558		0		SW
41		214876.9	216154.4	40	1		True		True		True		(0.0, 0.0, 0.0)		1.557636		0		NE
42		218895.6	220271.7	240	2		False		True		False		(0.0, 0.0, 0.0)		1.888319		0		NE
43		222916.1	224021.8	0	2		True		True		True		(0.0, 0.0, 0.0)		1.363968		0		SE
44		226936.9	228642.5	0	2		False		False		False		(0.0, 0.0, 0.0)		1.086576		0		NW
45		230958	232186.8	0	1		True		True		True		(0.0, 0.0, 0.0)		1.529133		0		NE
46		234988.5	236311.8	0	1		True		True		True		(0.0, 0.0, 0.0)		1.094216		0		NW
47		239447.8	240787	280	1		False		False		False		(0.0, 0.0, 0.0)		1.171827		0		SW
48		243458	244975	240	2		True		True		True		(0.0, 0.0, 0.0)		1.053291		0		SW
49		247478	249021.8	240	1		True		True		True		(0.0, 0.0, 0.0)		1.444145		0		SE
50		251742.9	252964.2	240	2		True		True		True		(0.0, 0.0, 0.0)		1.350046		0		NE
51		255761.1	257001	40	2		True		True		True		(0.0, 0.0, 0.0)		1.539335		0		SE
52		259788.2	261017.8	40	1		True		True		True		(0.0, 0.0, 0.0)		0.3626505		0		NE
53		263811.9	265735	280	1		False		True		False		(0.0, 0.0, 0.0)		0.4608438		0		NW
54		267875.4	269414.7	280	1		True		True		True		(0.0, 0.0, 0.0)		0.9957376		0		NW
55		271906.4	273223.3	320	2		True		True		True		(0.0, 0.0, 0.0)		0.9616237		0		NW
56		275928.5	277336.8	80	2		False		True		False		(0.0, 0.0, 0.0)		1.156116		0		NE
57		279948.3	281204.9	40	2		True		True		True		(0.0, 0.0, 0.0)		1.389308		0		NW
58		283966.9	285145.8	40	1		True		True		True		(0.0, 0.0, 0.0)		1.005842		0		NE
59		288179.3	289215.1	40	2		True		True		True		(0.0, 0.0, 0.0)		1.237985		0		NE
60		292198.6	293304.7	80	1		True		True		True		(0.0, 0.0, 0.0)		1.57358		0		SW
61		296217.8	298057.9	338	2		True		True		True		(0.0, 0.0, 0.0)		1.386341		0		SE
62		300239.9	303023.2	338	1		True		True		True		(0.0, 0.0, 0.0)		1.224026		0		SW
63		307066.2	308463.3	338	2		True		True		True		(0.0, 0.0, 0.0)		1.048331		0		SW
64		311089.5	312324.9	120	2		True		True		True		(0.0, 0.0, 0.0)		1.388567		0		SW
65		315119.4	316292.6	120	1		True		True		True		(0.0, 0.0, 0.0)		1.591338		0		SW
66		319140.9	321368.6	338	2		False		False		True		(0.0, 0.0, 0.0)		1.430309		0		NW
67		323612.8	325014.2	160	2		True		True		True		(0.0, 0.0, 0.0)		1.558805		0		NE
68		327631.1	329056.3	160	2		True		True		True		(0.0, 0.0, 0.0)		1.313068		0		NE
69		331646.6	333025.6	200	1		True		True		True		(0.0, 0.0, 0.0)		1.402995		0		SW
70		335678.8	336885.3	200	2		True		True		True		(0.0, 0.0, 0.0)		1.673925		0		NE
71		339687.9	341268	200	2		True		True		True		(0.0, 0.0, 0.0)		1.880423		0		NE
72		343700.1	344909.2	240	2		False		False		True		(0.0, 0.0, 0.0)		1.327383		0		SE
73		347718.9	349267.2	240	2		True		True		True		(0.0, 0.0, 0.0)		0.9145571		0		NE
74		351750	353463.7	280	2		True		True		True		(0.0, 0.0, 0.0)		1.239021		0		NE
75		356409.2	358123.7	280	2		True		True		True		(0.0, 0.0, 0.0)		1.270817		0		NE
76		360430.5	362984.4	320	2		False		False		True		(0.0, 0.0, 0.0)		1.313169		0		NE
77		365221.3	366517.1	320	1		True		True		True		(0.0, 0.0, 0.0)		1.241825		0		NE
78		369237.3	371315.3	338	1		False		False		True		(0.0, 0.0, 0.0)		1.244828		0		SE
79		373684.4	375900.7	320	1		False		False		False		(0.0, 0.0, 0.0)		1.499394		0		SE
80		378210.9	380187.9	280	2		False		False		False		(0.0, 0.0, 0.0)		1.341351		0		NW
81		382478.3	384569.5	280	1		False		False		False		(0.0, 0.0, 0.0)		1.159862		0		SW
82		386906.9	389084	240	1		False		False		False		(0.0, 0.0, 0.0)		1.556733		0		SW
83		391584.4	392837.6	200	2		False		False		True		(0.0, 0.0, 0.0)		1.512572		0		NW
84		395847.6	397562.8	200	1		False		False		True		(0.0, 0.0, 0.0)		1.394029		0		SW
85		399857.6	401434.2	160	2		False		False		True		(0.0, 0.0, 0.0)		1.17484		0		NW
86		403866	405956.4	320	1		False		False		True		(0.0, 0.0, 0.0)		1.461171		0		SW
87		407885.7	409033	120	2		True		True		True		(0.0, 0.0, 0.0)		1.666939		0		NE
88		411910.1	412987.6	120	1		True		True		True		(0.0, 0.0, 0.0)		1.481524		0		NE
89		415927.5	417123.5	120	2		True		True		True		(0.0, 0.0, 0.0)		1.994467		0		SE
90		419942.5	421301.8	338	1		False		True		False		(0.0, 0.0, 0.0)		1.639116		0		SE
91		423958.7	425216	160	1		False		False		False		(0.0, 0.0, 0.0)		1.780541		0		SW
92		427969.6	429317.9	120	2		True		True		True		(0.0, 0.0, 0.0)		1.368452		0		NE
93		431987.6	433214.1	120	1		True		True		True		(0.0, 0.0, 0.0)		1.593776		0		SW
94		435997.7	437414	120	1		False		False		False		(0.0, 0.0, 0.0)		1.543334		0		NW
95		440022.1	441297.5	80	2		True		True		True		(0.0, 0.0, 0.0)		1.607525		0		SW
96		444038	445370.8	338	1		False		True		False		(0.0, 0.0, 0.0)		1.280059		0		SW
97		448063.2	450131.8	338	1		False		True		False		(0.0, 0.0, 0.0)		1.560436		0		SW
98		452240.6	453345.4	120	1		True		True		True		(0.0, 0.0, 0.0)		1.010567		0		SE
99		456249	457356.9	120	2		True		True		True		(0.0, 0.0, 0.0)		1.220137		0		SW
100		460466.3	461709	120	2		True		True		True		(0.0, 0.0, 0.0)		1.120171		0		NW
101		464481.8	465863.6	338	2		False		False		True		(0.0, 0.0, 0.0)		1.015011		0		NE
102		468671.8	469918	338	2		False		False		True		(0.0, 0.0, 0.0)		0.922468		0		NE
103		472698.6	475604.1	338	1		False		True		False		(0.0, 0.0, 0.0)		1.173405		0		SW
104		477835.1	479076.8	160	2		False		False		True		(0.0, 0.0, 0.0)		1.500015		0		NE
105		481926.4	483147.2	160	1		True		True		True		(0.0, 0.0, 0.0)		1.883537		0		SE
106		485945.2	487180.8	160	2		True		True		True		(0.0, 0.0, 0.0)		0.9171621		0		SW
107		491027.2	492244.3	338	2		False		False		True		(0.0, 0.0, 0.0)		0.4881629		0		NE
108		495254.7	496394.9	338	1		False		False		False		(0.0, 0.0, 0.0)		0.559298		0		SW
109		499274.8	501535.5	120	2		True		True		True		(0.0, 0.0, 0.0)		0.9844518		0		SE
110		503879.3	505485.7	338	1		True		True		True		(0.0, 0.0, 0.0)		0.758882		0		SE
111		507899.2	509405.5	338	1		False		False		True		(0.0, 0.0, 0.0)		1.318435		0		SE
112		516358.3	517528.4	80	2		True		True		True		(0.0, 0.0, 0.0)		0.208262		0		SE
113		520372.7	522087.2	80	1		True		True		True		(0.0, 0.0, 0.0)		1.000528		0		NW
114		524403.6	526029.9	80	2		False		False		False		(0.0, 0.0, 0.0)		0.06217735		0		NW
115		528630.3	530084.1	320	1		False		True		False		(0.0, 0.0, 0.0)		1.117219		0		SW
116		532882.9	534549.7	120	2		True		True		True		(0.0, 0.0, 0.0)		1.287033		0		SW
117		537418.1	538979.1	120	1		True		True		True		(0.0, 0.0, 0.0)		1.511114		0		SW
118		541463	542848.7	120	2		False		False		False		(0.0, 0.0, 0.0)		0.8054792		0		SW
119		545494.9	548020.5	280	2		False		False		True		(0.0, 0.0, 0.0)		1.792801		0		NE
120		549915.3	551384.9	280	2		False		False		False		(0.0, 0.0, 0.0)		0.8817825		0		NW
121		553938.4	555171	240	1		False		True		False		(0.0, 0.0, 0.0)		1.338446		0		NW
122		557948.1	559634.5	160	2		True		True		True		(0.0, 0.0, 0.0)		1.157726		0		NE
123		562125.4	564364.3	160	1		False		True		False		(0.0, 0.0, 0.0)		1.430836		0		SW
124		566656.1	567864.2	160	1		True		True		True		(0.0, 0.0, 0.0)		0.9279565		0		NE
125		570963	572162.2	200	2		True		True		True		(0.0, 0.0, 0.0)		1.058758		0		SW
126		574981.8	576203.2	280	2		False		False		False		(0.0, 0.0, 0.0)		1.473041		0		SW
127		579007.5	580747.9	240	1		False		False		False		(0.0, 0.0, 0.0)		1.285056		0		NE
128		583303.1	584480.1	160	1		True		True		True		(0.0, 0.0, 0.0)		0.7352719		0		NE
129		587326.2	588682.6	160	2		True		True		True		(0.0, 0.0, 0.0)		1.680402		0		SW
130		591348.3	592594.4	160	2		True		True		True		(0.0, 0.0, 0.0)		0.4182136		0		NW
131		595360.1	596930.1	280	2		True		True		True		(0.0, 0.0, 0.0)		0.787421		0		SW
132		599378.6	600744.7	280	1		False		False		False		(0.0, 0.0, 0.0)		0.6387513		0		SW
133		607419	608556.8	120	2		True		True		True		(0.0, 0.0, 0.0)		1.319981		0		SE
134		611433.7	612773.9	320	1		False		False		True		(0.0, 0.0, 0.0)		1.353984		0		SE
135		615458.8	616828.8	80	2		True		True		True		(0.0, 0.0, 0.0)		1.150162		0		SW
136		619472.4	620936.5	80	1		False		False		False		(0.0, 0.0, 0.0)		1.510257		0		SW
137		623479.8	624839.4	40	1		True		True		True		(0.0, 0.0, 0.0)		1.430677		0		SW
138		627504.1	628736.7	40	1		True		True		True		(0.0, 0.0, 0.0)		1.302711		0		NE
139		631520.9	633168	80	1		True		True		True		(0.0, 0.0, 0.0)		1.337756		0		NW
140		636418.2	637734.9	80	1		True		True		True		(0.0, 0.0, 0.0)		1.504944		0		NE
141		640436.8	641968.5	120	1		True		True		True		(0.0, 0.0, 0.0)		1.119195		0		NE
142		644453.6	645815.5	120	1		True		True		True		(0.0, 0.0, 0.0)		1.237676		0		NW
143		652487.3	654025.9	160	1		False		False		False		(0.0, 0.0, 0.0)		0.9346313		0		NE
144		656846.6	658082.6	120	2		True		True		True		(0.0, 0.0, 0.0)		1.057282		0		SE
145		660973.2	662689.3	338	1		True		True		True		(0.0, 0.0, 0.0)		1.125037		0		NE
146		665383.1	666724.6	338	1		False		False		True		(0.0, 0.0, 0.0)		1.157655		0		NE
147		669394.6	670544.6	80	1		True		True		True		(0.0, 0.0, 0.0)		1.620328		0		SW
148		673411.5	674937.3	80	1		False		False		False		(0.0, 0.0, 0.0)		1.164092		0		SW
149		677738.3	678975	40	2		True		True		True		(0.0, 0.0, 0.0)		1.088721		0		NE
150		681756.6	683246.3	40	2		True		True		True		(0.0, 0.0, 0.0)		1.346153		0		NW
151		685772.4	687320.8	338	2		False		False		False		(0.0, 0.0, 0.0)		0.9983312		0		SW
152		689784	691186	320	2		False		False		True		(0.0, 0.0, 0.0)		1.031054		0		NW
153		693802.3	694970.1	320	1		False		True		False		(0.0, 0.0, 0.0)		1.161857		0		NW
154		698590.3	700063.5	320	2		False		True		False		(0.0, 0.0, 0.0)		0.8167589		0		SE
155		702615.8	704415.4	280	1		True		True		True		(0.0, 0.0, 0.0)		1.3478		0		NE
156		706637.5	707926.8	80	1		True		True		True		(0.0, 0.0, 0.0)		1.142239		0		SE
157		710668	711625.6	80	2		True		True		True		(0.0, 0.0, 0.0)		0.9594327		0		SE
158		714688.1	715746.1	80	1		True		True		True		(0.0, 0.0, 0.0)		0.6868683		0		SE
159		718710.4	719843.1	120	1		True		True		True		(0.0, 0.0, 0.0)		1.085129		0		NE
160		722732.8	724021.8	120	1		True		True		True		(0.0, 0.0, 0.0)		0.4816237		0		SW
161		726751.8	728161.2	160	2		True		True		True		(0.0, 0.0, 0.0)		0.6237493		0		SW
162		730785	732010.9	320	1		False		True		False		(0.0, 0.0, 0.0)		0.4016339		0		NW
163		734792.5	736040.9	320	1		False		True		False		(0.0, 0.0, 0.0)		0.4970651		0		SW
164		738815.3	740247.8	200	2		False		False		True		(0.0, 0.0, 0.0)		1.311731		0		SE
165		742843.1	744225.9	200	2		False		False		True		(0.0, 0.0, 0.0)		0.523324		0		SE
166		746863.9	748351.8	338	1		True		True		True		(0.0, 0.0, 0.0)		0.6814948		0		NE
167		750884.9	752120.4	338	1		False		True		False		(0.0, 0.0, 0.0)		0.6108451		0		SW
168		754904.9	755962.3	240	2		False		False		True		(0.0, 0.0, 0.0)		0.9607208		0		NE
169		758916.7	760309.2	240	2		True		True		True		(0.0, 0.0, 0.0)		0.8907354		0		SW
170		762934.6	764228.1	338	1		False		False		True		(0.0, 0.0, 0.0)		1.237124		0		SE
171		766954.8	768324.4	200	1		True		True		True		(0.0, 0.0, 0.0)		1.007477		0		NE
172		770975.5	772496.3	200	2		True		True		True		(0.0, 0.0, 0.0)		1.312428		0		NE
173		774989.3	776731.1	200	2		False		False		True		(0.0, 0.0, 0.0)		0.8954787		0		NW
174		783048.6	784326.8	338	1		False		False		False		(0.0, 0.0, 0.0)		1.107582		0		SW
175		787068.6	788370.9	160	1		True		True		True		(0.0, 0.0, 0.0)		0.6539612		0		SE
176		791089.3	792212.6	160	2		True		True		True		(0.0, 0.0, 0.0)		1.177064		0		SW
177		795110.2	796347.4	160	1		True		True		True		(0.0, 0.0, 0.0)		0.3590634		0		SW
178		799365.4	800573.8	200	1		True		True		True		(0.0, 0.0, 0.0)		0.8847833		0		NE
179		803385.8	804541.2	200	1		True		True		True		(0.0, 0.0, 0.0)		1.199355		0		NE
180		807410.6	808483.3	240	1		False		False		True		(0.0, 0.0, 0.0)		1.306141		0		SE
181		811646.5	812923.1	200	1		True		True		True		(0.0, 0.0, 0.0)		1.241181		0		SE
182		815673.8	816791.8	200	1		True		True		True		(0.0, 0.0, 0.0)		0.8017442		0		SE
183		819691.8	820810.9	240	1		True		True		True		(0.0, 0.0, 0.0)		0.6295721		0		SW
184		823704.6	824879.6	240	2		False		False		True		(0.0, 0.0, 0.0)		1.501057		0		NW
185		827722.4	828850.5	338	1		False		False		False		(0.0, 0.0, 0.0)		0.6035131		0		SW
186		831738.8	833200.4	200	1		True		True		True		(0.0, 0.0, 0.0)		1.035005		0		SE
187		835758.4	837189.1	200	1		False		True		False		(0.0, 0.0, 0.0)		0.5399891		0		NW
188		839782.5	842045.5	240	2		False		False		False		(0.0, 0.0, 0.0)		0.7854574		0		SW
189		843803.1	845003.7	320	1		True		True		True		(0.0, 0.0, 0.0)		0.7359697		0		SE
190		847821.9	849254.9	320	2		False		False		True		(0.0, 0.0, 0.0)		0.7485639		0		SE
191		851843	853248.4	320	1		False		True		False		(0.0, 0.0, 0.0)		0.6448161		0		SW
192		855863.1	857123.3	280	2		False		False		True		(0.0, 0.0, 0.0)		1.194119		0		NE
193		859893.6	861498.4	338	1		False		False		False		(0.0, 0.0, 0.0)		0.8599075		0		SW
194		867940.8	869182.3	240	2		True		True		True		(0.0, 0.0, 0.0)		0.9307482		0		NE
195		871965.6	873076.1	240	2		False		False		True		(0.0, 0.0, 0.0)		0.4722542		0		NW
196		875986.4	877514.1	338	2		True		True		True		(0.0, 0.0, 0.0)		0.5713846		0		NE
197		880006.5	881252.2	338	2		False		False		False		(0.0, 0.0, 0.0)		1.268439		0		NE
198		884026.9	885083.5	320	1		False		False		True		(0.0, 0.0, 0.0)		0.9323493		0		SE
199		888044.5	889239.1	200	1		True		True		True		(0.0, 0.0, 0.0)		1.047296		0		NE
200		892064.7	893434.7	200	2		True		True		True		(0.0, 0.0, 0.0)		1.002061		0		SW
