TrialNumber	StartTime	EndTime	CoherenceAngle	StaircaseNumber	CombinedResponse	CorrectVertical	CorrectHorizontal	GazeErrorHeadErrorStimulusDirection
0		39755.26	41381.66	0	1		True		True		True		(0.0, 0.0, 0.0)		0.8651441		0		SW
1		44179.89	45427.18	0	1		True		True		True		(0.0, 0.0, 0.0)		0.5164649		0		SE
2		48195.91	49480.47	40	1		True		True		True		(0.0, 0.0, 0.0)		1.460836		0		NW
3		52514.75	53865.05	40	1		True		True		True		(0.0, 0.0, 0.0)		1.02381		0		SW
4		56540.87	57664.18	80	1		True		True		True		(0.0, 0.0, 0.0)		0.6091912		0		NE
5		60555.7	61605.68	80	1		True		True		True		(0.0, 0.0, 0.0)		1.363902		0		NE
6		64587.32	65918.48	120	1		True		True		True		(0.0, 0.0, 0.0)		0.3528818		0		NW
7		68618.6	69557.31	120	1		True		True		True		(0.0, 0.0, 0.0)		0.4059421		0		SE
8		72628.28	73685.78	160	1		False		False		True		(0.0, 0.0, 0.0)		0.9558048		0		SE
9		76754.68	77565.97	120	1		True		True		True		(0.0, 0.0, 0.0)		0.9505716		0		NE
10		80775.51	81674.7	120	1		True		True		True		(0.0, 0.0, 0.0)		1.405869		0		SW
11		84797.58	85743.79	160	1		True		True		True		(0.0, 0.0, 0.0)		1.813205		0		SE
12		88820.71	90117.03	160	1		True		True		True		(0.0, 0.0, 0.0)		0.4613105		0		SE
13		92839.4	94391.8	200	1		True		True		True		(0.0, 0.0, 0.0)		0.7286097		0		NW
14		96998.1	99156.47	200	1		True		True		True		(0.0, 0.0, 0.0)		0.6747185		0		NW
15		101449.3	103526.4	240	1		True		True		True		(0.0, 0.0, 0.0)		0.7055332		0		SW
16		106211.4	107710.5	240	1		False		False		True		(0.0, 0.0, 0.0)		0.8224284		0		NE
17		110232.8	112125.3	200	1		True		True		True		(0.0, 0.0, 0.0)		1.319144		0		SW
18		114254.6	116349.8	200	1		True		True		True		(0.0, 0.0, 0.0)		0.6474705		0		NE
19		118275	120074.3	240	1		True		True		True		(0.0, 0.0, 0.0)		1.169747		0		SE
20		122284.6	124050.7	240	1		True		True		True		(0.0, 0.0, 0.0)		0.6595544		0		NE
21		126304.7	127848	280	1		True		True		True		(0.0, 0.0, 0.0)		0.7328756		0		NE
22		130314.6	132313.1	280	1		True		True		True		(0.0, 0.0, 0.0)		0.5323941		0		NW
23		134334.2	136617.7	320	1		True		True		True		(0.0, 0.0, 0.0)		0.8860523		0		NW
24		138354.7	140297.5	320	1		True		True		True		(0.0, 0.0, 0.0)		0.9287741		0		NE
25		142370.2	143909.6	338	1		False		False		True		(0.0, 0.0, 0.0)		0.8499088		0		NE
26		146386.9	148290.6	320	1		False		False		True		(0.0, 0.0, 0.0)		0.5499316		0		SW
27		150411.7	152289.8	280	1		False		False		True		(0.0, 0.0, 0.0)		0.8422696		0		NE
28		155925.3	156908.8	240	1		False		False		True		(0.0, 0.0, 0.0)		0.4789909		0		SE
29		159952.3	161198.3	200	1		True		True		True		(0.0, 0.0, 0.0)		0.4736127		0		NW
30		163972.7	165206.1	200	1		False		False		True		(0.0, 0.0, 0.0)		0.5300136		0		SW
31		168485.5	169870.3	160	1		False		False		True		(0.0, 0.0, 0.0)		0.4546918		0		SE
32		172830.8	173702.2	120	1		True		True		True		(0.0, 0.0, 0.0)		0.3536358		0		SW
33		176850.6	177733.6	120	1		True		True		True		(0.0, 0.0, 0.0)		0.9676154		0		SW
34		181278	182531.8	160	1		True		True		True		(0.0, 0.0, 0.0)		0.7063437		0		SE
35		185297.1	186420.1	160	1		True		True		True		(0.0, 0.0, 0.0)		0.5394509		0		SE
36		189532.3	190742.3	200	1		True		True		True		(0.0, 0.0, 0.0)		0.3903217		0		NE
37		194475.5	195347.9	200	1		True		True		True		(0.0, 0.0, 0.0)		0.653496		0		NW
38		198507.3	199590.9	240	1		False		False		True		(0.0, 0.0, 0.0)		0.7317375		0		SW
39		203771.4	204677	200	1		False		False		True		(0.0, 0.0, 0.0)		1.941033		0		SE
40		207792.8	208612.8	160	1		True		True		True		(0.0, 0.0, 0.0)		0.8976341		0		NE
41		211813.2	212596.2	160	1		True		True		True		(0.0, 0.0, 0.0)		0.9047952		0		SE
42		215833.2	217143.2	200	1		True		True		True		(0.0, 0.0, 0.0)		0.7133784		0		SE
43		220319.7	221851.8	200	1		False		False		True		(0.0, 0.0, 0.0)		0.9908761		0		NE
44		224974.1	225868	160	1		True		True		True		(0.0, 0.0, 0.0)		0.768069		0		NE
45		228993.9	230212.7	160	1		True		True		True		(0.0, 0.0, 0.0)		0.5290263		0		NE
46		233014.9	235091.8	200	1		True		True		True		(0.0, 0.0, 0.0)		0.4792828		0		NE
47		237846.7	239571.3	200	1		True		True		True		(0.0, 0.0, 0.0)		0.4558703		0		SE
48		241861.5	243332.4	240	1		False		False		True		(0.0, 0.0, 0.0)		0.330772		0		NE
49		245881.2	248016.4	200	1		False		False		True		(0.0, 0.0, 0.0)		0.9279735		0		NW
50		249891.6	250692.5	160	1		True		True		True		(0.0, 0.0, 0.0)		0.4897183		0		SE
51		253900.4	254853.9	160	1		True		True		True		(0.0, 0.0, 0.0)		0.228678		0		SW
52		257910.1	259089.5	200	1		False		False		True		(0.0, 0.0, 0.0)		0.3321567		0		SE
53		262093.8	262864.3	160	1		True		True		True		(0.0, 0.0, 0.0)		0.4634363		0		SE
54		266112.2	268499.3	160	1		False		False		True		(0.0, 0.0, 0.0)		0.3324833		0		SW
55		271508	272133.4	120	1		True		True		True		(0.0, 0.0, 0.0)		0.8924435		0		NE
56		275650.3	276434.8	120	1		True		True		True		(0.0, 0.0, 0.0)		0.5014306		0		SW
57		279661.6	280511.1	160	1		True		True		True		(0.0, 0.0, 0.0)		0.6121749		0		NW
58		283682.2	284441.1	160	1		True		True		True		(0.0, 0.0, 0.0)		0.7554762		0		NE
59		288279.6	289196.3	200	1		False		False		True		(0.0, 0.0, 0.0)		0.5076094		0		SE
60		292300.1	293341.2	160	1		True		True		True		(0.0, 0.0, 0.0)		0.6559638		0		SW
61		296320.7	297417.8	160	1		True		True		True		(0.0, 0.0, 0.0)		0.8015116		0		NW
62		300336.8	301882.9	200	1		True		True		True		(0.0, 0.0, 0.0)		1.455333		0		SW
63		304356.8	306693.9	200	1		True		True		True		(0.0, 0.0, 0.0)		1.298394		0		SE
64		308399	309667.5	240	1		False		False		True		(0.0, 0.0, 0.0)		0.7150007		0		NW
65		312420	313698.5	200	1		True		True		True		(0.0, 0.0, 0.0)		1.343345		0		SW
66		316711.8	317896.5	200	1		False		False		True		(0.0, 0.0, 0.0)		0.3691398		0		SW
67		321231.5	322050.9	160	1		True		True		True		(0.0, 0.0, 0.0)		0.6212791		0		SE
68		325241.7	326218.1	160	1		True		True		True		(0.0, 0.0, 0.0)		0.1420349		0		NW
69		329261.8	330145.2	200	1		False		False		True		(0.0, 0.0, 0.0)		0.5748302		0		SE
70		334226.5	335025.2	160	1		True		True		True		(0.0, 0.0, 0.0)		0.4485731		0		NW
71		338247.3	340022.5	160	1		True		True		True		(0.0, 0.0, 0.0)		0.5929109		0		NW
72		342278.5	343997.9	200	1		True		True		True		(0.0, 0.0, 0.0)		0.6505825		0		SW
73		346322	347843	200	1		True		True		True		(0.0, 0.0, 0.0)		0.6430618		0		SW
74		350329.9	352382.1	240	1		False		False		True		(0.0, 0.0, 0.0)		0.5376719		0		NW
75		354840.3	355638.3	200	1		False		False		True		(0.0, 0.0, 0.0)		0.7990963		0		SE
76		358860.2	359636.9	160	1		True		True		True		(0.0, 0.0, 0.0)		0.1104967		0		SW
77		362870.2	365253	160	1		True		True		True		(0.0, 0.0, 0.0)		0.2850662		0		SW
78		366951.3	369183.8	200	1		True		True		True		(0.0, 0.0, 0.0)		0.573315		0		SW
79		370972.3	371995.3	200	1		True		True		True		(0.0, 0.0, 0.0)		1.743942		0		NE
80		374984.2	376625.9	240	1		True		True		True		(0.0, 0.0, 0.0)		0.6162795		0		NW
81		379532.5	380879.2	240	1		True		True		True		(0.0, 0.0, 0.0)		0.4211376		0		SE
82		383561.3	384566.8	280	1		True		True		True		(0.0, 0.0, 0.0)		0.3109858		0		NE
83		387579.7	388553.6	280	1		False		False		True		(0.0, 0.0, 0.0)		0.2946604		0		NE
84		391591.5	393719.4	240	1		True		True		True		(0.0, 0.0, 0.0)		0.3533623		0		NW
85		395999.9	397842.6	240	1		True		True		True		(0.0, 0.0, 0.0)		0.3594071		0		SE
86		400020.8	402304	280	1		True		True		True		(0.0, 0.0, 0.0)		0.2781463		0		SW
87		404036.4	406191.3	280	1		False		False		True		(0.0, 0.0, 0.0)		0.4354264		0		SW
88		408061.1	409666.6	240	1		False		False		True		(0.0, 0.0, 0.0)		0.4259416		0		SW
89		412077	412939.8	200	1		False		False		True		(0.0, 0.0, 0.0)		0.3741609		0		NW
90		416086.3	418574	160	1		True		True		True		(0.0, 0.0, 0.0)		0.3992662		0		NW
91		420362.9	421656.3	160	1		True		True		True		(0.0, 0.0, 0.0)		0.2503785		0		SW
92		424392.2	426059.8	200	1		False		False		True		(0.0, 0.0, 0.0)		0.5398333		0		NE
93		428415.8	429891.4	160	1		False		False		True		(0.0, 0.0, 0.0)		0.3605504		0		SE
94		432476.6	433568.2	120	1		True		True		True		(0.0, 0.0, 0.0)		0.3663453		0		SW
95		436494.6	437457.2	120	1		True		True		True		(0.0, 0.0, 0.0)		0.492415		0		NW
96		440846.9	442266.4	160	1		True		True		True		(0.0, 0.0, 0.0)		0.434011		0		SW
97		444874.2	446861.9	160	1		False		False		True		(0.0, 0.0, 0.0)		0.7993664		0		SW
98		449489.3	450371.7	120	1		True		True		True		(0.0, 0.0, 0.0)		0.5740211		0		NW
99		454219.7	455018.1	120	1		True		True		True		(0.0, 0.0, 0.0)		0.8561234		0		SW
100		459510	460545.2	160	1		True		True		True		(0.0, 0.0, 0.0)		0.8099422		0		SW
101		463532.5	464881.1	160	1		True		True		True		(0.0, 0.0, 0.0)		0.769389		0		SW
102		468159.1	468963.2	200	1		True		True		True		(0.0, 0.0, 0.0)		0.6329816		0		SE
103		472187.5	473200.8	200	1		True		True		True		(0.0, 0.0, 0.0)		0.4393713		0		NE
104		476210.4	478051.3	240	1		True		True		True		(0.0, 0.0, 0.0)		1.165685		0		SE
105		480297	481843	240	1		True		True		True		(0.0, 0.0, 0.0)		0.608799		0		SE
106		484317.9	486303.8	280	1		True		True		True		(0.0, 0.0, 0.0)		0.8608381		0		NE
107		488338.1	490003.8	280	1		False		False		True		(0.0, 0.0, 0.0)		0.8027817		0		NE
108		492357.2	493925.3	240	1		True		True		True		(0.0, 0.0, 0.0)		0.4019563		0		SW
109		496367.8	497722.9	240	1		False		False		True		(0.0, 0.0, 0.0)		0.4486004		0		SW
110		500389	502060.5	200	1		True		True		True		(0.0, 0.0, 0.0)		0.4239234		0		SE
111		504408.9	505818.1	200	1		True		True		True		(0.0, 0.0, 0.0)		0.6628679		0		SW
112		508429.3	511156.6	240	1		True		True		True		(0.0, 0.0, 0.0)		0.798795		0		NE
113		512446.6	513794.4	240	1		False		False		True		(0.0, 0.0, 0.0)		0.592468		0		NE
114		516466.6	518140.7	200	1		False		False		True		(0.0, 0.0, 0.0)		0.6719698		0		NW
115		520486.4	522888.2	160	1		True		True		True		(0.0, 0.0, 0.0)		0.726576		0		SE
116		524628.7	526079.1	160	1		False		False		True		(0.0, 0.0, 0.0)		0.8658615		0		SW
117		528649.9	529382.4	120	1		True		True		True		(0.0, 0.0, 0.0)		0.4409376		0		NE
118		532669.6	533769	120	1		True		True		True		(0.0, 0.0, 0.0)		0.6044679		0		SW
119		536691.7	537837	160	1		True		True		True		(0.0, 0.0, 0.0)		0.6907807		0		SE
120		540704.7	541946	160	1		True		True		True		(0.0, 0.0, 0.0)		0.4222433		0		SE
121		544714.9	546952.4	200	1		False		False		True		(0.0, 0.0, 0.0)		0.7268564		0		SE
122		549223.3	550067.9	160	1		True		True		True		(0.0, 0.0, 0.0)		0.6332551		0		SE
123		553243.6	554350.6	160	1		True		True		True		(0.0, 0.0, 0.0)		0.6789465		0		SE
124		557763.8	559016.4	200	1		False		False		True		(0.0, 0.0, 0.0)		0.6043314		0		NW
125		561897.9	563250.1	160	1		True		True		True		(0.0, 0.0, 0.0)		0.2516011		0		SW
126		565923.2	566610.3	160	1		True		True		True		(0.0, 0.0, 0.0)		0.1300598		0		NW
127		570092.8	571435.6	200	1		True		True		True		(0.0, 0.0, 0.0)		0.2815875		0		SE
128		574110.4	576112.9	200	1		True		True		True		(0.0, 0.0, 0.0)		0.3232693		0		SW
129		578139.6	579441.6	240	1		False		False		True		(0.0, 0.0, 0.0)		0.4936048		0		SW
130		582163.7	583996.3	200	1		True		True		True		(0.0, 0.0, 0.0)		0.2177092		0		SE
131		586174.2	587379.3	200	1		False		False		True		(0.0, 0.0, 0.0)		0.5932235		0		NW
132		590194.6	591154.1	160	1		True		True		True		(0.0, 0.0, 0.0)		0.3923257		0		SW
133		594215.1	595153.6	160	1		True		True		True		(0.0, 0.0, 0.0)		0.4025444		0		NW
134		598224.9	599032.6	200	1		False		False		True		(0.0, 0.0, 0.0)		0.9071826		0		SE
135		602245.3	603068.3	160	1		True		True		True		(0.0, 0.0, 0.0)		0.5661551		0		NW
136		606265.3	606917.5	160	1		True		True		True		(0.0, 0.0, 0.0)		0.7242749		0		SE
137		610285.6	611380.4	200	1		True		True		True		(0.0, 0.0, 0.0)		0.3615824		0		SW
138		614306.4	616105.2	200	1		True		True		True		(0.0, 0.0, 0.0)		0.4157648		0		NE
139		618470.9	619848.1	240	1		True		True		True		(0.0, 0.0, 0.0)		0.5405867		0		SE
140		622613.8	623675.5	240	1		True		True		True		(0.0, 0.0, 0.0)		0.6686586		0		SW
141		626623.4	627774.7	280	1		True		True		True		(0.0, 0.0, 0.0)		0.1209995		0		SE
142		630643.7	631773.7	280	1		True		True		True		(0.0, 0.0, 0.0)		0.3329932		0		SW
143		634665.1	636380.7	320	1		True		True		True		(0.0, 0.0, 0.0)		0.608772		0		SW
144		638695.6	640174.1	320	1		False		False		True		(0.0, 0.0, 0.0)		0.9163345		0		SE
145		642827.1	643978.9	280	1		True		True		True		(0.0, 0.0, 0.0)		0.3960023		0		SE
146		646847.8	648293.6	280	1		False		False		True		(0.0, 0.0, 0.0)		0.586942		0		SE
147		650864	653055	240	1		True		True		True		(0.0, 0.0, 0.0)		0.8504109		0		NW
148		654894.9	656087	240	1		True		True		True		(0.0, 0.0, 0.0)		1.333474		0		NE
149		658903.8	660138.2	280	1		True		True		True		(0.0, 0.0, 0.0)		0.7745645		0		SW
150		662924.4	664606.9	280	1		False		False		True		(0.0, 0.0, 0.0)		0.8330861		0		SE
151		666945.4	668977	240	1		False		False		True		(0.0, 0.0, 0.0)		1.310212		0		NW
152		671660.4	672580.2	200	1		True		True		True		(0.0, 0.0, 0.0)		0.4623068		0		SW
153		675679.5	677468.4	200	1		False		False		True		(0.0, 0.0, 0.0)		0.7219072		0		NE
154		679699	681473.9	160	1		True		True		True		(0.0, 0.0, 0.0)		0.5602974		0		SW
155		683720.9	685028.1	160	1		False		False		True		(0.0, 0.0, 0.0)		0.7608178		0		SE
156		688846.4	689613.6	120	1		True		True		True		(0.0, 0.0, 0.0)		0.8350696		0		SW
157		692867.8	693628.1	120	1		True		True		True		(0.0, 0.0, 0.0)		0.4379939		0		SE
158		696889.5	699331.9	160	1		True		True		True		(0.0, 0.0, 0.0)		0.279164		0		NE
159		701935.1	702745.3	160	1		True		True		True		(0.0, 0.0, 0.0)		0.4553974		0		NE
160		705955.9	707157.9	200	1		False		False		True		(0.0, 0.0, 0.0)		0.4284464		0		NE
161		710689	711548.2	160	1		True		True		True		(0.0, 0.0, 0.0)		0.3996192		0		SE
162		714713.1	715746.6	160	1		True		True		True		(0.0, 0.0, 0.0)		0.3102008		0		SE
163		719083.9	720213.1	200	1		False		False		True		(0.0, 0.0, 0.0)		0.1409329		0		SE
164		723115.4	724177.6	160	1		True		True		True		(0.0, 0.0, 0.0)		0.5489363		0		NE
165		727136.1	728033.3	160	1		True		True		True		(0.0, 0.0, 0.0)		0.463766		0		NW
166		731166.7	732072.4	200	1		True		True		True		(0.0, 0.0, 0.0)		0.6503063		0		SE
167		735188.1	736248.3	200	1		False		False		True		(0.0, 0.0, 0.0)		0.4070102		0		SE
168		739210.4	739969.8	160	1		True		True		True		(0.0, 0.0, 0.0)		0.3401647		0		NW
169		743228.6	744067.5	160	1		True		True		True		(0.0, 0.0, 0.0)		0.1171187		0		SW
170		747250.1	749127.8	200	1		True		True		True		(0.0, 0.0, 0.0)		0.7202367		0		NW
171		751991.4	753261.8	200	1		True		True		True		(0.0, 0.0, 0.0)		0.3702304		0		SW
172		756012.1	757862.4	240	1		False		False		True		(0.0, 0.0, 0.0)		0.3308343		0		SW
173		760549.1	762681.6	200	1		True		True		True		(0.0, 0.0, 0.0)		0.931098		0		SE
174		764804.4	766018.6	200	1		False		False		True		(0.0, 0.0, 0.0)		0.1987215		0		NE
175		768824.4	770012.2	160	1		True		True		True		(0.0, 0.0, 0.0)		0.2795607		0		SE
176		772848.7	774061.8	160	1		False		False		True		(0.0, 0.0, 0.0)		0.189554		0		NW
177		776868.1	777852.9	120	1		True		True		True		(0.0, 0.0, 0.0)		0.1002129		0		NW
178		780888.7	782089.9	120	1		True		True		True		(0.0, 0.0, 0.0)		0.3805001		0		NW
179		784909.4	786237.9	160	1		True		True		True		(0.0, 0.0, 0.0)		0.7606249		0		NW
180		789109.4	789938.5	160	1		True		True		True		(0.0, 0.0, 0.0)		1.869306		0		NE
181		793152.3	794201.6	200	1		False		False		True		(0.0, 0.0, 0.0)		0.7920722		0		NE
182		797173.1	798338.1	160	1		True		True		True		(0.0, 0.0, 0.0)		0.9459363		0		NE
183		801192.6	802148.5	160	1		True		True		True		(0.0, 0.0, 0.0)		0.1740773		0		NE
184		805207.9	806418.5	200	1		True		True		True		(0.0, 0.0, 0.0)		0.03965153		0		NW
185		809310.9	811043.9	200	1		True		True		True		(0.0, 0.0, 0.0)		0.5944173		0		SW
186		813333.7	814986.9	240	1		True		True		True		(0.0, 0.0, 0.0)		0.5901678		0		SE
187		818085.3	819639.4	240	1		True		True		True		(0.0, 0.0, 0.0)		0.2375762		0		NW
188		822105.9	823293.4	280	1		False		False		True		(0.0, 0.0, 0.0)		0.4042658		0		NE
189		826123.3	827391.9	240	1		True		True		True		(0.0, 0.0, 0.0)		1.26922		0		SW
190		830146.3	831401.6	240	1		True		True		True		(0.0, 0.0, 0.0)		0.5464634		0		NW
191		834166.9	835541.1	280	1		True		True		True		(0.0, 0.0, 0.0)		0.189433		0		SW
192		838187.4	839373.1	280	1		False		False		True		(0.0, 0.0, 0.0)		0.3842391		0		NE
193		842207.6	843324.6	240	1		False		False		True		(0.0, 0.0, 0.0)		0.5063619		0		NE
194		846403.3	847850.7	200	1		True		True		True		(0.0, 0.0, 0.0)		0.3728184		0		NW
195		850422	851992.5	200	1		False		False		True		(0.0, 0.0, 0.0)		0.4209679		0		SW
196		854957.9	855896.8	160	1		False		False		True		(0.0, 0.0, 0.0)		0.6094841		0		NW
197		859202.1	859935.6	120	1		True		True		True		(0.0, 0.0, 0.0)		0.8928411		0		NW
198		863220.9	864271.4	120	1		True		True		True		(0.0, 0.0, 0.0)		0.5282694		0		NE
199		867241.7	867876.3	160	1		True		True		True		(0.0, 0.0, 0.0)		0.2384385		0		NE
200		871262.7	872079.4	160	1		True		True		True		(0.0, 0.0, 0.0)		0.6382898		0		SW
201		875282.4	875898.2	200	1		True		True		True		(0.0, 0.0, 0.0)		0.1479703		0		NW
202		879298.2	880348.3	200	1		False		False		True		(0.0, 0.0, 0.0)		0.5606868		0		NE
203		883323.9	884129.3	160	1		True		True		True		(0.0, 0.0, 0.0)		0.6485156		0		NW
204		887347.1	888217.9	160	1		True		True		True		(0.0, 0.0, 0.0)		0.7135048		0		SE
205		891364.4	892342.7	200	1		False		False		True		(0.0, 0.0, 0.0)		0.2445204		0		SW
206		895386.1	896293.9	160	1		True		True		True		(0.0, 0.0, 0.0)		0.8450238		0		SW
207		899405.7	901824.9	160	1		True		True		True		(0.0, 0.0, 0.0)		0.9145551		0		SE
208		904325.6	905602.2	200	1		True		True		True		(0.0, 0.0, 0.0)		0.5946217		0		NE
209		908345.9	909719.6	200	1		True		True		True		(0.0, 0.0, 0.0)		0.6287654		0		SE
210		912617.1	913605.5	240	1		True		True		True		(0.0, 0.0, 0.0)		0.6448492		0		NE
211		916626.3	919375.5	240	1		True		True		True		(0.0, 0.0, 0.0)		0.6761743		0		NE
212		921007.5	922973.3	280	1		True		True		True		(0.0, 0.0, 0.0)		0.2597696		0		SE
213		925216.8	926656.1	280	1		False		False		True		(0.0, 0.0, 0.0)		0.8695013		0		SW
214		929292.4	930956.6	240	1		False		False		True		(0.0, 0.0, 0.0)		0.3741487		0		NE
215		933624.6	935478.2	200	1		False		False		True		(0.0, 0.0, 0.0)		0.1390217		0		NE
216		938211.4	939408.4	160	1		True		True		True		(0.0, 0.0, 0.0)		0.2946487		0		SW
217		942231.6	943317.6	160	1		True		True		True		(0.0, 0.0, 0.0)		0.6219153		0		NW
218		946252.2	947449.6	200	1		True		True		True		(0.0, 0.0, 0.0)		0.4040843		0		SW
219		950273.1	951449.1	200	1		False		False		True		(0.0, 0.0, 0.0)		1.041192		0		NE
220		954293.1	955599.8	160	1		False		False		True		(0.0, 0.0, 0.0)		0.8039519		0		SE
221		958302.6	959175.2	120	1		True		True		True		(0.0, 0.0, 0.0)		0.3656593		0		SW
222		962323.4	964121.8	120	1		True		True		True		(0.0, 0.0, 0.0)		0.4602157		0		NE
223		966345.3	967238	160	1		True		True		True		(0.0, 0.0, 0.0)		0.4213672		0		SE
224		970527.9	971592.1	160	1		True		True		True		(0.0, 0.0, 0.0)		1.062019		0		SW
225		974541.8	975717.6	200	1		False		False		True		(0.0, 0.0, 0.0)		0.7993116		0		SE
226		978733.4	979765.8	160	1		True		True		True		(0.0, 0.0, 0.0)		0.3110584		0		SE
227		983211.5	984197.2	160	1		True		True		True		(0.0, 0.0, 0.0)		0.2608193		0		NW
228		987231.9	988463.8	200	1		False		False		True		(0.0, 0.0, 0.0)		0.4667068		0		NE
229		991254.1	992556	160	1		True		True		True		(0.0, 0.0, 0.0)		0.6633105		0		SE
230		995275.8	996069.8	160	1		True		True		True		(0.0, 0.0, 0.0)		0.3377835		0		NW
231		999695.9	1001394	200	1		True		True		True		(0.0, 0.0, 0.0)		0.6265388		0		SW
232		1003772	1005323	200	1		False		False		True		(0.0, 0.0, 0.0)		0.3586353		0		SE
233		1007826	1008612	160	1		True		True		True		(0.0, 0.0, 0.0)		0.7839993		0		SE
234		1011847	1012546	160	1		True		True		True		(0.0, 0.0, 0.0)		0.5214189		0		NE
235		1015873	1016862	200	1		True		True		True		(0.0, 0.0, 0.0)		0.223656		0		NE
236		1019888	1020693	200	1		False		False		True		(0.0, 0.0, 0.0)		0.9551584		0		NE
237		1023907	1024638	160	1		True		True		True		(0.0, 0.0, 0.0)		1.200604		0		SE
238		1027928	1028764	160	1		True		True		True		(0.0, 0.0, 0.0)		1.054579		0		SE
239		1031955	1033032	200	1		False		False		True		(0.0, 0.0, 0.0)		0.309699		0		SW
240		1035980	1036642	160	1		True		True		True		(0.0, 0.0, 0.0)		0.3197138		0		NE
241		1040001	1040777	160	1		True		True		True		(0.0, 0.0, 0.0)		0.395925		0		SE
242		1044232	1045522	200	1		False		False		True		(0.0, 0.0, 0.0)		0.06942561		0		SW
243		1048253	1049082	160	1		True		True		True		(0.0, 0.0, 0.0)		0.6033511		0		NW
244		1052364	1053490	160	1		True		True		True		(0.0, 0.0, 0.0)		1.13716		0		NE
245		1056389	1057244	200	1		False		False		True		(0.0, 0.0, 0.0)		1.63442		0		NW
246		1060403	1061188	160	1		True		True		True		(0.0, 0.0, 0.0)		0.8049215		0		NW
247		1065307	1066262	160	1		True		True		True		(0.0, 0.0, 0.0)		0.3105555		0		SE
248		1069318	1070282	200	1		False		False		True		(0.0, 0.0, 0.0)		0.4775982		0		NW
249		1073342	1074141	160	1		True		True		True		(0.0, 0.0, 0.0)		0.4940018		0		NW
250		1077362	1078240	160	1		True		True		True		(0.0, 0.0, 0.0)		0.7773221		0		SE
251		1081395	1082415	200	1		True		True		True		(0.0, 0.0, 0.0)		0.4101064		0		SW
252		1085415	1086701	200	1		False		False		True		(0.0, 0.0, 0.0)		1.04037		0		SW
253		1089424	1090408	160	1		True		True		True		(0.0, 0.0, 0.0)		0.4341519		0		NW
254		1093848	1094672	160	1		True		True		True		(0.0, 0.0, 0.0)		0.6163676		0		SW
255		1097860	1098868	200	1		True		True		True		(0.0, 0.0, 0.0)		0.6530684		0		NW
256		1101880	1102708	200	1		True		True		True		(0.0, 0.0, 0.0)		0.4262008		0		SE
257		1105900	1108361	240	1		True		True		True		(0.0, 0.0, 0.0)		0.4017252		0		NW
258		1110771	1112309	240	1		True		True		True		(0.0, 0.0, 0.0)		0.6640429		0		NE
259		1114786	1116379	280	1		False		False		True		(0.0, 0.0, 0.0)		0.2142178		0		NE
260		1119500	1120754	240	1		False		False		True		(0.0, 0.0, 0.0)		0.5651411		0		NW
261		1123843	1124738	200	1		False		False		True		(0.0, 0.0, 0.0)		0.5435141		0		SW
262		1127907	1128712	160	1		True		True		True		(0.0, 0.0, 0.0)		0.756039		0		SW
263		1131928	1133302	160	1		True		True		True		(0.0, 0.0, 0.0)		0.7992857		0		SW
264		1136064	1137931	200	1		False		False		True		(0.0, 0.0, 0.0)		1.024598		0		SE
265		1140834	1142041	160	1		True		True		True		(0.0, 0.0, 0.0)		0.7706956		0		NE
266		1144866	1145744	160	1		True		True		True		(0.0, 0.0, 0.0)		0.6725395		0		NW
267		1148882	1150220	200	1		True		True		True		(0.0, 0.0, 0.0)		0.6392518		0		SW
268		1152907	1154174	200	1		True		True		True		(0.0, 0.0, 0.0)		0.8916076		0		NW
269		1156961	1158689	240	1		False		False		True		(0.0, 0.0, 0.0)		0.3062942		0		NW
270		1160981	1162577	200	1		False		False		True		(0.0, 0.0, 0.0)		1.317957		0		SW
271		1165091	1166008	160	1		True		True		True		(0.0, 0.0, 0.0)		0.6222109		0		SE
272		1169110	1169973	160	1		True		True		True		(0.0, 0.0, 0.0)		1.106599		0		SW
273		1173131	1174535	200	1		False		False		True		(0.0, 0.0, 0.0)		1.384816		0		SW
274		1177161	1177951	160	1		True		True		True		(0.0, 0.0, 0.0)		0.6880607		0		NW
275		1181191	1182327	160	1		False		False		True		(0.0, 0.0, 0.0)		0.1492049		0		SE
276		1185360	1186044	120	1		True		True		True		(0.0, 0.0, 0.0)		1.057949		0		SW
277		1189376	1190223	120	1		True		True		True		(0.0, 0.0, 0.0)		0.9785863		0		NW
278		1193385	1194492	160	1		True		True		True		(0.0, 0.0, 0.0)		0.506911		0		SW
279		1197395	1198890	160	1		True		True		True		(0.0, 0.0, 0.0)		0.4119381		0		SE
280		1201698	1203042	200	1		True		True		True		(0.0, 0.0, 0.0)		0.6432728		0		NW
281		1206496	1207425	200	1		True		True		True		(0.0, 0.0, 0.0)		0.4773333		0		NE
282		1210858	1212215	240	1		False		False		True		(0.0, 0.0, 0.0)		0.2023576		0		SW
283		1214987	1216497	200	1		False		False		True		(0.0, 0.0, 0.0)		0.3199731		0		SW
284		1219302	1220513	160	1		True		True		True		(0.0, 0.0, 0.0)		0.5380428		0		NW
285		1223322	1225038	160	1		False		False		True		(0.0, 0.0, 0.0)		0.16617		0		SW
286		1227749	1228487	120	1		True		True		True		(0.0, 0.0, 0.0)		0.3611129		0		SE
287		1231769	1232538	120	1		True		True		True		(0.0, 0.0, 0.0)		0.9675545		0		SW
288		1235778	1236615	160	1		True		True		True		(0.0, 0.0, 0.0)		0.7048309		0		NW
289		1239800	1240839	160	1		True		True		True		(0.0, 0.0, 0.0)		1.384461		0		SW
290		1243819	1244896	200	1		True		True		True		(0.0, 0.0, 0.0)		0.408852		0		SE
291		1247845	1248928	200	1		False		False		True		(0.0, 0.0, 0.0)		1.409938		0		SE
292		1251932	1253016	160	1		True		True		True		(0.0, 0.0, 0.0)		0.5522236		0		SE
293		1255964	1257413	160	1		True		True		True		(0.0, 0.0, 0.0)		0.5805517		0		SW
294		1259995	1261495	200	1		True		True		True		(0.0, 0.0, 0.0)		0.4534268		0		SE
295		1264014	1265493	200	1		False		False		True		(0.0, 0.0, 0.0)		0.3292781		0		SE
296		1268025	1269120	160	1		True		True		True		(0.0, 0.0, 0.0)		0.4869049		0		NW
297		1272044	1273379	160	1		True		True		True		(0.0, 0.0, 0.0)		1.328795		0		NE
298		1276066	1277207	200	1		True		True		True		(0.0, 0.0, 0.0)		0.9840381		0		SE
299		1280081	1281476	200	1		False		False		True		(0.0, 0.0, 0.0)		0.4367996		0		NW
300		1284407	1285151	160	1		True		True		True		(0.0, 0.0, 0.0)		0.6245349		0		NE
301		1288427	1289082	160	1		True		True		True		(0.0, 0.0, 0.0)		1.161428		0		SE
