TrialNumber	StartTime	EndTime	CoherenceAngle	StaircaseNumber	CombinedResponse	CorrectVertical	CorrectHorizontal	GazeErrorHeadErrorStimulusDirection
0		30834.26	32126.83	0	1		True		True		True		(0.0, 0.0, 0.0)		0.1922645		0		SE
1		34894.44	35663.71	0	1		True		True		True		(0.0, 0.0, 0.0)		0.3573982		0		NE
2		38919.79	39724.75	40	1		True		True		True		(0.0, 0.0, 0.0)		0.5557033		0		SW
3		42940.54	43695.82	40	1		True		True		True		(0.0, 0.0, 0.0)		0.5299162		0		SW
4		46963.06	47683.19	80	1		True		True		True		(0.0, 0.0, 0.0)		0.2763184		0		SE
5		50976.77	51733.75	80	1		True		True		True		(0.0, 0.0, 0.0)		0.4681548		0		SW
6		55005.71	55779.51	120	1		True		True		True		(0.0, 0.0, 0.0)		0.1342672		0		NE
7		59020.95	59712.42	120	1		True		True		True		(0.0, 0.0, 0.0)		0.1106592		0		SE
8		63039.14	63783.32	160	1		True		True		True		(0.0, 0.0, 0.0)		0.1285317		0		SW
9		67051.72	67950.38	160	1		False		False		True		(0.0, 0.0, 0.0)		0.3006067		0		SW
10		71080.13	72452.66	120	1		True		True		True		(0.0, 0.0, 0.0)		0.7045364		0		SE
11		75103.56	75839.23	120	1		True		True		True		(0.0, 0.0, 0.0)		0.4716972		0		NE
12		79123.21	79969.56	160	1		False		False		True		(0.0, 0.0, 0.0)		0.2920026		0		SW
13		83142.73	84067.16	120	1		True		True		True		(0.0, 0.0, 0.0)		0.318587		0		SW
14		87162.65	88101.34	120	1		True		True		True		(0.0, 0.0, 0.0)		0.2791872		0		NW
15		91188.31	91891.11	160	1		True		True		True		(0.0, 0.0, 0.0)		0.354731		0		SW
16		95206.61	95964.38	160	1		True		True		True		(0.0, 0.0, 0.0)		0.1967657		0		NW
17		99218.48	99988.68	200	1		True		True		True		(0.0, 0.0, 0.0)		0.6214955		0		SW
18		103235.9	104074.4	200	1		False		True		False		(0.0, 0.0, 0.0)		0.379045		0		SW
19		107262.7	108037.9	240	1		True		True		True		(0.0, 0.0, 0.0)		0.3642739		0		NW
20		111288.3	112042.9	240	1		True		True		True		(0.0, 0.0, 0.0)		0.4129009		0		SW
21		115308.5	116102.9	280	1		False		True		False		(0.0, 0.0, 0.0)		0.2038853		0		NW
22		119325.9	120041	280	1		True		True		True		(0.0, 0.0, 0.0)		0.6113328		0		SW
23		123343.4	124231.6	320	1		False		True		False		(0.0, 0.0, 0.0)		0.2467004		0		SE
24		127365.6	128108	320	1		False		False		False		(0.0, 0.0, 0.0)		0.4319775		0		NE
25		131388	132110.4	280	1		True		True		True		(0.0, 0.0, 0.0)		0.4302702		0		SW
26		135411	136110.8	280	1		True		True		True		(0.0, 0.0, 0.0)		0.1558987		0		SW
27		139426.8	140383.4	320	1		False		False		True		(0.0, 0.0, 0.0)		0.8278452		0		NW
28		143446.8	144218.9	280	1		False		False		True		(0.0, 0.0, 0.0)		0.4238657		0		NW
29		147464.9	148142.3	240	1		True		True		True		(0.0, 0.0, 0.0)		0.5703745		0		SW
30		151476.5	152598	240	1		True		True		True		(0.0, 0.0, 0.0)		0.4767396		0		SW
31		155498.4	156798	280	1		False		True		False		(0.0, 0.0, 0.0)		0.06638654		0		SW
32		159524.5	160593.4	280	1		False		True		False		(0.0, 0.0, 0.0)		0.4633101		0		SE
33		163555.9	164229.5	320	1		False		False		True		(0.0, 0.0, 0.0)		0.243722		0		NW
34		167578.8	168587.7	280	1		False		True		False		(0.0, 0.0, 0.0)		0.5000393		0		NW
35		171636	172632	280	1		False		True		False		(0.0, 0.0, 0.0)		0.9397494		0		NW
36		175664.9	177115.5	320	1		False		False		True		(0.0, 0.0, 0.0)		0.3396069		0		NW
37		179681.2	180613.3	280	1		True		True		True		(0.0, 0.0, 0.0)		0.62502		0		SE
38		183710	184643.5	280	1		False		False		True		(0.0, 0.0, 0.0)		0.3426196		0		SE
39		187726.7	188700.2	240	1		False		False		True		(0.0, 0.0, 0.0)		0.258269		0		SW
40		191750.4	192527.3	200	1		False		False		True		(0.0, 0.0, 0.0)		0.9283667		0		SE
41		195769.7	196884.4	160	1		False		False		True		(0.0, 0.0, 0.0)		0.1634546		0		SW
42		199783	200446.7	120	1		True		True		True		(0.0, 0.0, 0.0)		0.6490004		0		NE
43		203805.7	204710.4	120	1		True		True		True		(0.0, 0.0, 0.0)		1.045377		0		SW
44		207827	208662.3	160	1		True		True		True		(0.0, 0.0, 0.0)		0.6111547		0		SW
45		211847.4	212888.2	160	1		True		True		True		(0.0, 0.0, 0.0)		0.5907542		0		SW
46		215870.4	216710	200	1		True		True		True		(0.0, 0.0, 0.0)		1.403564		0		NW
47		219896.6	221252.4	200	1		True		True		True		(0.0, 0.0, 0.0)		0.7230392		0		SE
48		223917.5	224772.1	240	1		False		True		False		(0.0, 0.0, 0.0)		0.2592866		0		NE
49		231953.8	232659.9	240	1		False		False		True		(0.0, 0.0, 0.0)		1.026247		0		SE
50		235983.5	236818.8	200	1		False		False		True		(0.0, 0.0, 0.0)		0.760537		0		NE
51		239986.1	240791.1	160	1		False		False		False		(0.0, 0.0, 0.0)		1.245425		0		SW
52		244007.1	244714.8	120	1		True		True		True		(0.0, 0.0, 0.0)		0.1103756		0		NE
53		248038.1	248877	120	1		True		True		True		(0.0, 0.0, 0.0)		0.4506063		0		NE
54		252046.8	252782.2	160	1		True		True		True		(0.0, 0.0, 0.0)		0.8154651		0		NW
55		256061.8	256980.8	160	1		True		True		True		(0.0, 0.0, 0.0)		1.190642		0		SW
56		260083.3	260780.3	200	1		True		True		True		(0.0, 0.0, 0.0)		0.4361297		0		SE
57		264098.9	264802.6	200	1		False		False		True		(0.0, 0.0, 0.0)		0.4456627		0		SW
58		268122.1	268826.2	160	1		True		True		True		(0.0, 0.0, 0.0)		0.4838206		0		NE
59		272135.8	272816.8	160	1		True		True		True		(0.0, 0.0, 0.0)		0.4100784		0		NW
60		276149.7	277423.8	200	1		True		True		True		(0.0, 0.0, 0.0)		0.5607556		0		SE
61		280181.5	280935.8	200	1		True		True		True		(0.0, 0.0, 0.0)		0.8111022		0		NW
62		284197.7	285607.2	240	1		False		False		True		(0.0, 0.0, 0.0)		0.666943		0		SW
63		288225.7	288992.5	200	1		True		True		True		(0.0, 0.0, 0.0)		0.8060601		0		NW
64		292246.1	293300.1	200	1		False		False		True		(0.0, 0.0, 0.0)		0.9143765		0		NW
65		296269.7	296948.3	160	1		True		True		True		(0.0, 0.0, 0.0)		0.8467721		0		NE
66		300297.2	301081.8	160	1		True		True		True		(0.0, 0.0, 0.0)		0.1307719		0		NW
67		304317.1	305221.3	200	1		True		True		True		(0.0, 0.0, 0.0)		0.1049153		0		NE
68		308328.6	309145.1	200	1		True		True		True		(0.0, 0.0, 0.0)		0.3929136		0		SE
69		312342.1	313256.7	240	1		False		True		False		(0.0, 0.0, 0.0)		0.5124111		0		NE
70		316364.9	317230.5	240	1		False		False		True		(0.0, 0.0, 0.0)		0.5242382		0		NE
71		320380.6	322078.7	200	1		False		True		False		(0.0, 0.0, 0.0)		0.8608723		0		NW
72		324402	325613.9	200	1		False		True		False		(0.0, 0.0, 0.0)		0.8288141		0		NE
73		328415.8	329527.1	240	1		False		False		True		(0.0, 0.0, 0.0)		0.5111506		0		NW
74		332437.2	333258.8	200	1		True		True		True		(0.0, 0.0, 0.0)		0.5757582		0		SE
75		336448.1	337486.2	200	1		True		True		True		(0.0, 0.0, 0.0)		0.8786387		0		SE
76		340631.4	341648.9	240	1		False		True		False		(0.0, 0.0, 0.0)		0.1318864		0		SE
77		344665.7	345498.8	240	1		False		False		True		(0.0, 0.0, 0.0)		0.5364822		0		NE
78		348745.3	349808.3	200	1		False		False		True		(0.0, 0.0, 0.0)		0.7403268		0		SW
79		352762.8	353551.4	160	1		False		False		True		(0.0, 0.0, 0.0)		0.2963817		0		NE
80		356775.1	357514.5	120	1		True		True		True		(0.0, 0.0, 0.0)		1.032272		0		SW
81		360800	361566.9	120	1		True		True		True		(0.0, 0.0, 0.0)		0.2694292		0		SE
82		364817.6	365797.5	160	1		False		False		True		(0.0, 0.0, 0.0)		0.798404		0		SW
83		368843.2	370100.2	120	1		True		True		True		(0.0, 0.0, 0.0)		0.4796391		0		SE
84		372852.8	373631	120	1		True		True		True		(0.0, 0.0, 0.0)		0.5900791		0		SE
85		376865.2	377651	160	1		True		True		True		(0.0, 0.0, 0.0)		1.004116		0		SE
86		380883.5	381763.1	160	1		True		True		True		(0.0, 0.0, 0.0)		1.153028		0		NW
87		384905.4	385955.2	200	1		True		True		True		(0.0, 0.0, 0.0)		0.4053005		0		NW
88		388927.6	389896.2	200	1		False		False		True		(0.0, 0.0, 0.0)		0.9996976		0		SW
89		392959.5	393645.5	160	1		True		True		True		(0.0, 0.0, 0.0)		0.8613569		0		NE
90		396985.6	397753.8	160	1		True		True		True		(0.0, 0.0, 0.0)		0.12001		0		SW
91		400999.7	402064.8	200	1		False		True		False		(0.0, 0.0, 0.0)		0.150063		0		SE
92		405020.2	406086.4	200	1		False		False		True		(0.0, 0.0, 0.0)		0.7642438		0		NW
93		409032.5	409894.8	160	1		True		True		True		(0.0, 0.0, 0.0)		0.7510664		0		NW
94		413042.5	413888.2	160	1		False		False		True		(0.0, 0.0, 0.0)		0.1647216		0		NE
95		417066.9	418415.2	120	1		False		False		True		(0.0, 0.0, 0.0)		1.248272		0		NE
96		421082.8	421801.4	80	1		True		True		True		(0.0, 0.0, 0.0)		0.4495467		0		NW
97		425111.6	426458.8	80	1		True		True		True		(0.0, 0.0, 0.0)		1.803334		0		SE
98		429129	430059.3	120	1		True		True		True		(0.0, 0.0, 0.0)		1.26203		0		SE
99		433150.8	433884.9	120	1		True		True		True		(0.0, 0.0, 0.0)		0.9063196		0		SW
100		437169.3	438120.9	160	1		True		True		True		(0.0, 0.0, 0.0)		1.293459		0		NE
101		441179.6	442046.9	160	1		True		True		True		(0.0, 0.0, 0.0)		0.4302409		0		NW
102		445537.2	446575.4	200	1		False		False		True		(0.0, 0.0, 0.0)		1.154107		0		SW
103		449554.6	450291.2	160	1		True		True		True		(0.0, 0.0, 0.0)		0.5542241		0		NE
104		453568.6	454315.1	160	1		True		True		True		(0.0, 0.0, 0.0)		0.687749		0		SW
105		457584.8	458315.6	200	1		True		True		True		(0.0, 0.0, 0.0)		1.482966		0		NW
106		461611.3	462454.9	200	1		True		True		True		(0.0, 0.0, 0.0)		1.149769		0		SE
107		465626	466436.3	240	1		True		True		True		(0.0, 0.0, 0.0)		0.7716076		0		NW
108		469660.3	470526.1	240	1		False		True		False		(0.0, 0.0, 0.0)		0.8140424		0		SE
109		473691.7	474553.8	280	1		False		False		True		(0.0, 0.0, 0.0)		0.2757203		0		SE
110		477715.8	478486.8	240	1		False		False		True		(0.0, 0.0, 0.0)		0.354275		0		NE
111		481724.8	482394.6	200	1		True		True		True		(0.0, 0.0, 0.0)		0.2315825		0		NW
112		485743.8	486472.9	200	1		True		True		True		(0.0, 0.0, 0.0)		1.051955		0		NW
113		489753.4	491091.6	240	1		True		True		True		(0.0, 0.0, 0.0)		0.8644198		0		SE
114		493775.3	494579.9	240	1		False		False		True		(0.0, 0.0, 0.0)		0.9221553		0		SW
115		497800.4	498664.5	200	1		True		True		True		(0.0, 0.0, 0.0)		0.7572108		0		NE
116		501809.3	502841.7	200	1		False		False		True		(0.0, 0.0, 0.0)		0.5011241		0		NE
117		505821.4	506423.6	160	1		True		True		True		(0.0, 0.0, 0.0)		0.3884757		0		NW
118		509841.6	510675.6	160	1		True		True		True		(0.0, 0.0, 0.0)		0.9546878		0		SE
119		513853	514775.4	200	1		True		True		True		(0.0, 0.0, 0.0)		1.215626		0		SE
120		517886.7	518649.7	200	1		True		True		True		(0.0, 0.0, 0.0)		1.206012		0		NW
121		521909.9	522715.7	240	1		False		False		True		(0.0, 0.0, 0.0)		1.033093		0		NE
122		525943.3	526687.9	200	1		True		True		True		(0.0, 0.0, 0.0)		1.479614		0		NE
123		529962.9	531161.9	200	1		False		True		False		(0.0, 0.0, 0.0)		1.043262		0		NE
124		533984	534987.4	240	1		False		False		False		(0.0, 0.0, 0.0)		0.7152055		0		SE
125		537997.8	538828.8	200	1		False		True		False		(0.0, 0.0, 0.0)		0.4784329		0		SE
126		542020.6	543275.6	200	1		True		True		True		(0.0, 0.0, 0.0)		0.4257369		0		NE
127		546044.4	546971.7	240	1		False		True		False		(0.0, 0.0, 0.0)		0.8715102		0		SE
128		550394.8	551336.4	240	1		False		False		True		(0.0, 0.0, 0.0)		0.9243242		0		NE
129		554406.4	555077.1	200	1		False		False		True		(0.0, 0.0, 0.0)		1.144379		0		SW
130		558418.1	559062.5	160	1		True		True		True		(0.0, 0.0, 0.0)		0.8749008		0		NW
131		562432.1	563432.4	160	1		True		True		True		(0.0, 0.0, 0.0)		1.170295		0		NW
132		566444.6	567190.4	200	1		False		False		True		(0.0, 0.0, 0.0)		0.8153301		0		SE
133		570462.3	571785.4	160	1		True		True		True		(0.0, 0.0, 0.0)		0.5768052		0		SE
134		574482.1	575352	160	1		True		True		True		(0.0, 0.0, 0.0)		0.784008		0		SW
135		578499.6	579173.8	200	1		True		True		True		(0.0, 0.0, 0.0)		0.9509671		0		NE
136		582520.6	583507.9	200	1		False		True		False		(0.0, 0.0, 0.0)		0.9696062		0		NE
137		586546.8	587615.5	240	1		False		False		True		(0.0, 0.0, 0.0)		0.5729342		0		NE
138		590574.4	591492.9	200	1		True		True		True		(0.0, 0.0, 0.0)		1.026084		0		NW
139		594593.1	595495.3	200	1		True		True		True		(0.0, 0.0, 0.0)		0.9564775		0		SE
140		598624.7	599607.3	240	1		False		True		False		(0.0, 0.0, 0.0)		0.9993306		0		NE
141		602646.8	603487.8	240	1		False		False		True		(0.0, 0.0, 0.0)		1.054618		0		NW
142		606664.9	607975.7	200	1		False		True		False		(0.0, 0.0, 0.0)		1.345849		0		NW
143		610684.5	611492.9	200	1		True		True		True		(0.0, 0.0, 0.0)		1.087962		0		SE
144		614706	615490.6	240	1		False		False		True		(0.0, 0.0, 0.0)		0.9677405		0		NW
145		618725.4	619479.2	200	1		True		True		True		(0.0, 0.0, 0.0)		1.062231		0		SW
146		622741.9	623779.5	200	1		False		True		False		(0.0, 0.0, 0.0)		0.8766173		0		NW
147		626755.5	629144.2	240	1		False		False		False		(0.0, 0.0, 0.0)		0.8206444		0		SE
148		631547.1	632706.8	200	1		False		False		True		(0.0, 0.0, 0.0)		0.9658657		0		NW
149		635556.5	636463.8	160	1		True		True		True		(0.0, 0.0, 0.0)		0.607334		0		SW
150		639581	640268.3	160	1		True		True		True		(0.0, 0.0, 0.0)		1.28253		0		SW
151		647613.9	648442.9	200	1		True		True		True		(0.0, 0.0, 0.0)		0.9768308		0		NW
152		651644.8	652313.3	200	1		False		True		False		(0.0, 0.0, 0.0)		0.9495966		0		NW
153		655665.8	656519.2	240	1		False		False		True		(0.0, 0.0, 0.0)		1.287613		0		SE
154		659685.3	660408.6	200	1		True		True		True		(0.0, 0.0, 0.0)		0.9576276		0		SE
155		663709.6	664283.6	200	1		False		False		True		(0.0, 0.0, 0.0)		0.6812122		0		SE
156		667736.8	668476.6	160	1		True		True		True		(0.0, 0.0, 0.0)		1.301632		0		NE
157		671759.2	672688.9	160	1		True		True		True		(0.0, 0.0, 0.0)		0.9079008		0		SE
158		675777.7	676693.7	200	1		False		True		False		(0.0, 0.0, 0.0)		0.6420858		0		SE
159		679809.6	680906.6	200	1		True		True		True		(0.0, 0.0, 0.0)		0.7711136		0		SE
160		683837.2	684869.5	240	1		False		True		False		(0.0, 0.0, 0.0)		0.8861471		0		SE
161		687862.9	688629.8	240	1		True		True		True		(0.0, 0.0, 0.0)		1.193347		0		SW
162		691882.8	692705.4	280	1		False		True		False		(0.0, 0.0, 0.0)		0.9534894		0		SW
163		695902.8	696769.4	280	1		True		True		True		(0.0, 0.0, 0.0)		1.024265		0		SW
164		699922.7	701472.7	320	1		True		True		True		(0.0, 0.0, 0.0)		0.9161879		0		SW
165		704286	705104.9	320	1		True		True		True		(0.0, 0.0, 0.0)		0.7966272		0		NE
166		712331.9	713524.9	338	1		False		False		False		(0.0, 0.0, 0.0)		1.08175		0		SW
167		716356.6	717154.9	320	1		True		True		True		(0.0, 0.0, 0.0)		1.031906		0		NE
168		720377.4	721509.2	320	1		False		False		False		(0.0, 0.0, 0.0)		0.7399665		0		SW
169		724388.9	725196.9	280	1		False		False		True		(0.0, 0.0, 0.0)		0.3593688		0		NW
170		728405.2	729255.1	240	1		False		False		True		(0.0, 0.0, 0.0)		1.023731		0		NW
171		732429.6	733257.4	200	1		True		True		True		(0.0, 0.0, 0.0)		1.018717		0		SE
172		736459.7	739034.4	200	1		False		True		False		(0.0, 0.0, 0.0)		0.4279743		0		NW
173		740861.2	741778.5	240	1		False		False		False		(0.0, 0.0, 0.0)		0.8919533		0		NW
174		744882.2	745631.8	200	1		False		False		True		(0.0, 0.0, 0.0)		0.9731312		0		NW
175		748909.1	749808.4	160	1		True		True		True		(0.0, 0.0, 0.0)		0.8779703		0		SW
176		752934.2	753694.1	160	1		True		True		True		(0.0, 0.0, 0.0)		0.9463527		0		SW
177		756954.1	757745.6	200	1		False		False		True		(0.0, 0.0, 0.0)		1.225869		0		SE
178		760968.4	761731.3	160	1		True		True		True		(0.0, 0.0, 0.0)		0.8346916		0		NW
179		764991.2	765768.4	160	1		True		True		True		(0.0, 0.0, 0.0)		0.5515096		0		SW
180		769014.3	769916.3	200	1		True		True		True		(0.0, 0.0, 0.0)		0.7629225		0		SE
181		773035.2	773921.9	200	1		False		False		True		(0.0, 0.0, 0.0)		0.6750826		0		SW
182		777050.8	777735.2	160	1		True		True		True		(0.0, 0.0, 0.0)		0.3841645		0		NW
183		781078.5	781834.2	160	1		True		True		True		(0.0, 0.0, 0.0)		0.8610218		0		SE
184		785086.6	785918.6	200	1		True		True		True		(0.0, 0.0, 0.0)		0.9738451		0		SE
185		789104.6	790155.6	200	1		False		True		False		(0.0, 0.0, 0.0)		0.6146371		0		SE
186		793136.7	793894.6	240	1		True		True		True		(0.0, 0.0, 0.0)		0.3754742		0		NW
187		797159.2	797968.9	240	1		False		False		True		(0.0, 0.0, 0.0)		0.8433509		0		SW
188		801181.4	802005.4	200	1		False		False		True		(0.0, 0.0, 0.0)		0.8255672		0		NE
189		805214.1	805905.2	160	1		True		True		True		(0.0, 0.0, 0.0)		0.8416442		0		SE
190		809241.7	809958.9	160	1		True		True		True		(0.0, 0.0, 0.0)		1.053506		0		SW
191		813258.8	814071.3	200	1		False		False		True		(0.0, 0.0, 0.0)		0.8175619		0		NW
192		817273.9	818809.1	160	1		False		True		False		(0.0, 0.0, 0.0)		1.026762		0		SW
193		821284.4	822296.6	160	1		False		True		False		(0.0, 0.0, 0.0)		0.901575		0		SE
194		825308.9	826058.3	200	1		True		True		True		(0.0, 0.0, 0.0)		1.286682		0		NW
195		829326.5	830264.8	200	1		False		True		False		(0.0, 0.0, 0.0)		0.9441894		0		SW
196		833353.7	834343.7	240	1		True		True		True		(0.0, 0.0, 0.0)		0.9390672		0		NW
197		837383.2	839592.4	240	1		True		True		True		(0.0, 0.0, 0.0)		1.209801		0		SE
198		841412.9	842294.6	280	1		False		True		False		(0.0, 0.0, 0.0)		1.137476		0		SW
199		845433.9	846770.5	280	1		True		True		True		(0.0, 0.0, 0.0)		1.252226		0		NE
200		849458.9	850261.8	320	1		False		False		True		(0.0, 0.0, 0.0)		1.184149		0		NW
201		853472.3	854411.3	280	1		False		True		False		(0.0, 0.0, 0.0)		1.067732		0		SW
202		857491.8	858390.4	280	1		False		True		False		(0.0, 0.0, 0.0)		1.012882		0		NE
203		861512.5	862287.9	320	1		True		True		True		(0.0, 0.0, 0.0)		1.04247		0		NW
204		865524.7	866874.1	320	1		False		False		True		(0.0, 0.0, 0.0)		0.9160102		0		NE
205		869536.4	870670.6	280	1		True		True		True		(0.0, 0.0, 0.0)		1.280686		0		SE
206		873556.3	874305.6	280	1		False		False		True		(0.0, 0.0, 0.0)		0.6452397		0		SW
207		877573.3	878350.3	240	1		True		True		True		(0.0, 0.0, 0.0)		1.12727		0		NW
208		881603.7	882630.1	240	1		False		False		True		(0.0, 0.0, 0.0)		1.146676		0		SE
209		885615.9	886308.6	200	1		True		True		True		(0.0, 0.0, 0.0)		1.078363		0		NW
210		889642.8	891054.8	200	1		True		True		True		(0.0, 0.0, 0.0)		0.8155804		0		SE
211		893661.6	894530.9	240	1		False		False		True		(0.0, 0.0, 0.0)		0.9887233		0		NE
212		897678.2	898375.7	200	1		True		True		True		(0.0, 0.0, 0.0)		0.8594038		0		NW
213		901699.1	902407.1	200	1		False		False		False		(0.0, 0.0, 0.0)		0.8780521		0		SW
214		905717.3	906433.5	160	1		True		True		True		(0.0, 0.0, 0.0)		0.8555947		0		NE
215		909745.8	910572.9	160	1		True		True		True		(0.0, 0.0, 0.0)		0.8103762		0		SE
216		913755.8	914445.9	200	1		True		True		True		(0.0, 0.0, 0.0)		0.9398645		0		NW
217		917774.7	918880.4	200	1		False		True		False		(0.0, 0.0, 0.0)		0.4056135		0		NE
218		921803.1	922483.3	240	1		False		False		True		(0.0, 0.0, 0.0)		0.8331701		0		SW
219		925818.4	926599.6	200	1		True		True		True		(0.0, 0.0, 0.0)		0.4336666		0		SE
220		929836.4	930781.6	200	1		False		True		False		(0.0, 0.0, 0.0)		0.7402386		0		NE
221		933851.8	934491.9	240	1		False		True		False		(0.0, 0.0, 0.0)		0.9167302		0		NE
222		941902.8	942708.8	240	1		False		False		False		(0.0, 0.0, 0.0)		0.7997704		0		SE
223		945917.5	946783.4	200	1		False		False		True		(0.0, 0.0, 0.0)		0.4380795		0		SW
224		949941.2	950860.9	160	1		True		True		True		(0.0, 0.0, 0.0)		0.6267668		0		SE
225		953966.9	954886.9	160	1		True		True		True		(0.0, 0.0, 0.0)		0.9365827		0		SE
226		957980.9	958929.9	200	1		True		True		True		(0.0, 0.0, 0.0)		0.9797621		0		NE
227		962002.2	962896.4	200	1		False		False		True		(0.0, 0.0, 0.0)		1.175142		0		SW
228		966019.7	967026.6	160	1		False		False		True		(0.0, 0.0, 0.0)		0.7220411		0		SW
229		970034.6	970819.8	120	1		False		True		False		(0.0, 0.0, 0.0)		0.9908487		0		NE
230		974052.8	975083.1	120	1		False		False		True		(0.0, 0.0, 0.0)		0.8575203		0		SW
231		978629.3	979324.3	80	1		True		True		True		(0.0, 0.0, 0.0)		0.5334669		0		SE
232		982664.3	983386.7	80	1		True		True		True		(0.0, 0.0, 0.0)		0.829528		0		SE
233		986694.8	987378.4	120	1		True		True		True		(0.0, 0.0, 0.0)		0.6910402		0		NW
234		990701.1	991389.8	120	1		True		True		True		(0.0, 0.0, 0.0)		0.8331242		0		SE
235		994720.3	995531.2	160	1		True		True		True		(0.0, 0.0, 0.0)		0.8904526		0		NE
236		998733.4	999621.5	160	1		True		True		True		(0.0, 0.0, 0.0)		1.053453		0		NE
237		1002747	1003950	200	1		False		False		True		(0.0, 0.0, 0.0)		0.9636506		0		NW
238		1006767	1007620	160	1		False		True		False		(0.0, 0.0, 0.0)		0.9480407		0		NE
239		1010782	1011539	160	1		True		True		True		(0.0, 0.0, 0.0)		0.637964		0		NE
240		1014795	1015510	200	1		True		True		True		(0.0, 0.0, 0.0)		0.4819735		0		NW
241		1018822	1019698	200	1		False		False		True		(0.0, 0.0, 0.0)		0.7049637		0		NE
242		1022842	1023613	160	1		True		True		True		(0.0, 0.0, 0.0)		0.6947861		0		SW
243		1026852	1027581	160	1		True		True		True		(0.0, 0.0, 0.0)		0.4200546		0		SE
244		1030883	1031659	200	1		False		False		True		(0.0, 0.0, 0.0)		0.9234108		0		NW
245		1034908	1035877	160	1		True		True		True		(0.0, 0.0, 0.0)		1.073772		0		NW
246		1038931	1039778	160	1		True		True		True		(0.0, 0.0, 0.0)		0.6835929		0		SW
247		1042954	1043994	200	1		False		False		True		(0.0, 0.0, 0.0)		0.9573561		0		SW
248		1051016	1052287	160	1		True		True		True		(0.0, 0.0, 0.0)		0.9858199		0		SW
249		1055028	1055664	160	1		True		True		True		(0.0, 0.0, 0.0)		0.8937904		0		NE
250		1059045	1059956	200	1		True		True		True		(0.0, 0.0, 0.0)		1.051498		0		SW
251		1063053	1063786	200	1		True		True		True		(0.0, 0.0, 0.0)		0.604361		0		NE
252		1067058	1067866	240	1		False		False		True		(0.0, 0.0, 0.0)		0.9303362		0		SE
253		1071078	1071848	200	1		True		True		True		(0.0, 0.0, 0.0)		0.4658839		0		NW
254		1075105	1076006	200	1		False		False		False		(0.0, 0.0, 0.0)		0.9601324		0		SW
255		1079121	1079835	160	1		True		True		True		(0.0, 0.0, 0.0)		0.3327177		0		NW
256		1083139	1084417	160	1		True		True		True		(0.0, 0.0, 0.0)		0.9621481		0		NW
257		1087167	1088166	200	1		False		False		True		(0.0, 0.0, 0.0)		0.8078176		0		NE
258		1091185	1091939	160	1		True		True		True		(0.0, 0.0, 0.0)		0.9427531		0		SW
259		1095207	1095866	160	1		True		True		True		(0.0, 0.0, 0.0)		0.6945089		0		NW
260		1099228	1100552	200	1		True		True		True		(0.0, 0.0, 0.0)		1.107534		0		SE
261		1103256	1103975	200	1		False		True		False		(0.0, 0.0, 0.0)		0.6459223		0		NW
262		1107282	1108122	240	1		True		True		True		(0.0, 0.0, 0.0)		1.224235		0		NE
263		1111294	1112254	240	1		False		False		True		(0.0, 0.0, 0.0)		0.6472433		0		NW
264		1115321	1116052	200	1		False		True		False		(0.0, 0.0, 0.0)		0.700806		0		SE
265		1119339	1120151	200	1		False		False		True		(0.0, 0.0, 0.0)		0.6117353		0		SE
266		1123371	1124208	160	1		True		True		True		(0.0, 0.0, 0.0)		0.5372872		0		NW
267		1127392	1128019	160	1		True		True		True		(0.0, 0.0, 0.0)		0.6897039		0		NE
268		1131401	1132163	200	1		False		True		False		(0.0, 0.0, 0.0)		1.046057		0		SE
269		1135427	1136175	200	1		False		False		True		(0.0, 0.0, 0.0)		0.7662833		0		SE
270		1139440	1140024	160	1		True		True		True		(0.0, 0.0, 0.0)		0.7542236		0		NE
271		1143453	1144387	160	1		False		False		True		(0.0, 0.0, 0.0)		1.161687		0		NW
272		1147470	1148227	120	1		True		True		True		(0.0, 0.0, 0.0)		0.9243689		0		SE
273		1151499	1152290	120	1		True		True		True		(0.0, 0.0, 0.0)		1.063455		0		SW
274		1155511	1156196	160	1		True		True		True		(0.0, 0.0, 0.0)		1.028021		0		NE
275		1159530	1160671	160	1		False		False		True		(0.0, 0.0, 0.0)		0.7075994		0		NW
276		1163552	1164319	120	1		True		True		True		(0.0, 0.0, 0.0)		0.7558059		0		NW
277		1167568	1168128	120	1		True		True		True		(0.0, 0.0, 0.0)		0.3581576		0		NE
278		1171581	1173028	160	1		False		False		True		(0.0, 0.0, 0.0)		0.5070904		0		NE
279		1175597	1176254	120	1		True		True		True		(0.0, 0.0, 0.0)		0.4301441		0		SW
280		1179623	1180234	120	1		True		True		True		(0.0, 0.0, 0.0)		0.757568		0		NE
281		1183650	1184394	160	1		True		True		True		(0.0, 0.0, 0.0)		0.8730108		0		SW
282		1187665	1188270	160	1		True		True		True		(0.0, 0.0, 0.0)		0.8048803		0		NE
283		1191680	1192412	200	1		True		True		True		(0.0, 0.0, 0.0)		0.452285		0		SW
284		1195699	1197042	200	1		False		True		False		(0.0, 0.0, 0.0)		0.5037764		0		NW
285		1199712	1200545	240	1		False		True		False		(0.0, 0.0, 0.0)		1.048826		0		SE
286		1203730	1204527	240	1		False		False		True		(0.0, 0.0, 0.0)		0.9795811		0		SW
287		1207745	1208758	200	1		False		True		False		(0.0, 0.0, 0.0)		0.7647956		0		SW
288		1211767	1212629	200	1		False		False		True		(0.0, 0.0, 0.0)		0.6312349		0		SE
289		1215776	1216497	160	1		True		True		True		(0.0, 0.0, 0.0)		0.9133307		0		SW
290		1219797	1220528	160	1		True		True		True		(0.0, 0.0, 0.0)		0.8556042		0		SE
291		1223813	1224772	200	1		False		True		False		(0.0, 0.0, 0.0)		0.6338009		0		NW
292		1227827	1228617	200	1		True		True		True		(0.0, 0.0, 0.0)		0.3313687		0		SE
293		1231843	1232662	240	1		False		True		False		(0.0, 0.0, 0.0)		0.5808992		0		NW
294		1235856	1236744	240	1		False		False		True		(0.0, 0.0, 0.0)		1.18034		0		SE
295		1239873	1240464	200	1		True		True		True		(0.0, 0.0, 0.0)		0.7058284		0		SW
296		1243895	1244820	200	1		False		False		True		(0.0, 0.0, 0.0)		0.9147089		0		NE
297		1247911	1248779	160	1		True		True		True		(0.0, 0.0, 0.0)		0.7254006		0		NW
298		1251932	1252968	160	1		True		True		True		(0.0, 0.0, 0.0)		0.9574594		0		NW
299		1255951	1257285	200	1		True		True		True		(0.0, 0.0, 0.0)		0.8803598		0		SE
300		1259972	1260759	200	1		True		True		True		(0.0, 0.0, 0.0)		0.9833381		0		NW
