TrialNumber	StartTime	EndTime	CoherenceAngle	StaircaseNumber	CombinedResponse	CorrectVertical	CorrectHorizontal	GazeErrorHeadErrorStimulusDirection
0		32684.34	33727.43	0	1		True		True		True		(0.0, 0.0, 0.0)		0.9346214		0		SE
1		36751.8	37924.98	0	1		True		True		True		(0.0, 0.0, 0.0)		0.5918174		0		SE
2		40770.42	43694.62	40	1		True		True		True		(0.0, 0.0, 0.0)		0.3307315		0		NE
3		45347.35	46466.23	40	1		True		True		True		(0.0, 0.0, 0.0)		0.3690797		0		NW
4		49369.23	54284.46	80	1		True		True		True		(0.0, 0.0, 0.0)		0.5782465		0		NE
5		55878.43	57321.5	80	1		True		True		True		(0.0, 0.0, 0.0)		0.1865668		0		NE
6		59898.95	60754.34	120	1		True		True		True		(0.0, 0.0, 0.0)		0.6133119		0		NW
7		63912.96	64957.25	120	1		True		True		True		(0.0, 0.0, 0.0)		0.4665356		0		SE
8		67930.75	69633.02	160	1		True		True		True		(0.0, 0.0, 0.0)		0.5226481		0		NE
9		72633.7	73808.21	160	1		True		True		True		(0.0, 0.0, 0.0)		0.3834057		0		NE
10		76665.9	78331.5	200	1		True		True		True		(0.0, 0.0, 0.0)		0.6765308		0		SE
11		81210.42	85139	200	1		True		True		True		(0.0, 0.0, 0.0)		0.4320385		0		NE
12		86763.74	87726.69	240	1		True		True		True		(0.0, 0.0, 0.0)		0.1756096		0		NW
13		90772.52	92337.95	240	1		True		True		True		(0.0, 0.0, 0.0)		0.7563851		0		SE
14		94849.16	96011.55	280	1		True		True		True		(0.0, 0.0, 0.0)		0.5277764		0		NW
15		102892.1	104209.1	280	1		True		True		True		(0.0, 0.0, 0.0)		0.5225785		0		NE
16		106910.1	108253.2	320	1		True		True		True		(0.0, 0.0, 0.0)		0.2822422		0		SE
17		110975.8	112560.3	320	1		False		False		True		(0.0, 0.0, 0.0)		0.7402835		0		SW
18		114992.1	116302.4	280	1		True		True		True		(0.0, 0.0, 0.0)		0.5729415		0		NE
19		119013.2	120211.4	280	1		False		False		True		(0.0, 0.0, 0.0)		0.3737348		0		NE
20		123037.5	124099.7	240	1		False		False		True		(0.0, 0.0, 0.0)		0.4469985		0		SW
21		127058.2	128140.4	200	1		False		False		True		(0.0, 0.0, 0.0)		0.2390276		0		SW
22		131072.3	132106.4	160	1		False		False		True		(0.0, 0.0, 0.0)		0.7875588		0		SE
23		135089.6	136328.6	120	1		True		True		True		(0.0, 0.0, 0.0)		0.7439216		0		NW
24		139160.2	141316.8	120	1		True		True		True		(0.0, 0.0, 0.0)		0.3532433		0		NE
25		143182.1	144223.1	160	1		True		True		True		(0.0, 0.0, 0.0)		0.4867259		0		NE
26		147204.6	148496.8	160	1		True		True		True		(0.0, 0.0, 0.0)		0.5618559		0		SW
27		155245.9	157610.3	200	1		False		False		True		(0.0, 0.0, 0.0)		0.786005		0		SW
28		159289.5	160451.3	160	1		True		True		True		(0.0, 0.0, 0.0)		0.5476928		0		SE
29		163307.9	165429.7	160	1		False		False		True		(0.0, 0.0, 0.0)		0.1965791		0		SE
30		167329.5	168245.5	120	1		True		True		True		(0.0, 0.0, 0.0)		0.1603172		0		NW
31		171349.6	172421.7	120	1		True		True		True		(0.0, 0.0, 0.0)		0.6108125		0		SE
32		175358.5	176441.6	160	1		True		True		True		(0.0, 0.0, 0.0)		0.9135968		0		SW
33		179379.4	180645.5	160	1		True		True		True		(0.0, 0.0, 0.0)		0.4159358		0		SW
34		184150.2	185578.3	200	1		False		False		True		(0.0, 0.0, 0.0)		0.5047517		0		NE
35		188275.9	189599.6	160	1		True		True		True		(0.0, 0.0, 0.0)		0.6956277		0		SE
36		192751	193690.3	160	1		True		True		True		(0.0, 0.0, 0.0)		0.6805808		0		NW
37		196757.3	198105.5	200	1		True		True		True		(0.0, 0.0, 0.0)		0.795452		0		NE
38		201283.8	202587.4	200	1		False		False		True		(0.0, 0.0, 0.0)		0.7905848		0		SE
39		205303.5	206230.2	160	1		True		True		True		(0.0, 0.0, 0.0)		0.5812201		0		NW
40		209628	210606.5	160	1		True		True		True		(0.0, 0.0, 0.0)		0.4097531		0		SW
41		213652.3	214714.7	200	1		True		True		True		(0.0, 0.0, 0.0)		0.4855428		0		SE
42		217670.6	219019.6	200	1		True		True		True		(0.0, 0.0, 0.0)		0.2656164		0		SE
43		221693.6	222915.7	240	1		True		True		True		(0.0, 0.0, 0.0)		0.6005632		0		NE
44		226581.1	227809.2	240	1		True		True		True		(0.0, 0.0, 0.0)		0.5053487		0		NW
45		230591.2	232131	280	1		True		True		True		(0.0, 0.0, 0.0)		1.147237		0		NE
46		234623.2	236387.7	280	1		True		True		True		(0.0, 0.0, 0.0)		0.4886762		0		NW
47		238642.6	239984.7	320	1		True		True		True		(0.0, 0.0, 0.0)		0.7148938		0		SE
48		243169.3	245183.3	320	1		False		False		True		(0.0, 0.0, 0.0)		0.8122457		0		SW
49		247802	249301.8	280	1		True		True		True		(0.0, 0.0, 0.0)		0.1654439		0		SW
50		251831.4	255835.7	280	1		True		True		True		(0.0, 0.0, 0.0)		0.4160074		0		NE
51		257467.6	258367.3	320	1		True		True		True		(0.0, 0.0, 0.0)		0.2761829		0		SW
52		261478	265094.4	320	1		False		False		True		(0.0, 0.0, 0.0)		0.3474741		0		NE
53		266871.3	268524.8	280	1		True		True		True		(0.0, 0.0, 0.0)		0.5013978		0		NE
54		270892.1	272927.1	280	1		False		False		True		(0.0, 0.0, 0.0)		1.028104		0		SE
55		274910.5	276915.3	240	1		True		True		True		(0.0, 0.0, 0.0)		0.3373624		0		NW
56		278925.8	281108.3	240	1		False		False		True		(0.0, 0.0, 0.0)		0.4017166		0		SE
57		283540.3	284923.1	200	1		False		False		True		(0.0, 0.0, 0.0)		0.2986988		0		SW
58		287565.5	290964.2	160	1		False		False		True		(0.0, 0.0, 0.0)		1.057192		0		NE
59		294085.3	296146.3	120	1		True		True		True		(0.0, 0.0, 0.0)		0.780749		0		NE
60		298103	299035.8	120	1		True		True		True		(0.0, 0.0, 0.0)		0.4818077		0		NW
61		302123.8	303222.7	160	1		True		True		True		(0.0, 0.0, 0.0)		0.2129079		0		SW
62		306274.8	307274.5	160	1		True		True		True		(0.0, 0.0, 0.0)		0.1606982		0		NW
63		310298.2	312822.4	200	1		False		False		True		(0.0, 0.0, 0.0)		0.3378684		0		NW
64		318519.4	320454.4	160	1		False		False		True		(0.0, 0.0, 0.0)		0.403895		0		SW
65		322939.7	324034.6	120	1		True		True		True		(0.0, 0.0, 0.0)		0.3268177		0		SW
66		326960.7	327909.9	120	1		True		True		True		(0.0, 0.0, 0.0)		0.2242806		0		SE
67		334997.7	338472.5	160	1		True		True		True		(0.0, 0.0, 0.0)		0.3669217		0		NE
68		340046.1	342053.6	160	1		True		True		True		(0.0, 0.0, 0.0)		0.6541394		0		SE
69		344075	345480.3	200	1		False		False		True		(0.0, 0.0, 0.0)		1.826433		0		SW
70		348545.8	349827.5	160	1		True		True		True		(0.0, 0.0, 0.0)		0.485427		0		NE
71		352559.9	354204.1	160	1		True		True		True		(0.0, 0.0, 0.0)		0.467878		0		NW
72		356580.6	357821.9	200	1		True		True		True		(0.0, 0.0, 0.0)		0.1916732		0		SW
73		360599	363177.1	200	1		False		False		True		(0.0, 0.0, 0.0)		0.9657992		0		SE
74		364890.2	365904.4	160	1		True		True		True		(0.0, 0.0, 0.0)		0.9531058		0		NW
75		368908	369992.2	160	1		True		True		True		(0.0, 0.0, 0.0)		0.2045665		0		NE
76		372929.9	374090.1	200	1		True		True		True		(0.0, 0.0, 0.0)		0.3078735		0		NE
77		376945.8	378393.3	200	1		True		True		True		(0.0, 0.0, 0.0)		0.6812952		0		SE
78		380957.4	381922.3	240	1		True		True		True		(0.0, 0.0, 0.0)		0.3980324		0		NE
79		384975.8	385986.7	240	1		False		False		True		(0.0, 0.0, 0.0)		0.36835		0		SW
80		388988.3	390196.1	200	1		True		True		True		(0.0, 0.0, 0.0)		0.6295721		0		NW
81		393009.5	393826.6	200	1		True		True		True		(0.0, 0.0, 0.0)		0.2356445		0		NW
82		397036.3	400606	240	1		True		True		True		(0.0, 0.0, 0.0)		0.2627027		0		NE
83		401608.3	402466.8	240	1		True		True		True		(0.0, 0.0, 0.0)		0.4772756		0		NW
84		405626.3	407754.1	280	1		False		False		True		(0.0, 0.0, 0.0)		0.3940413		0		SE
85		409647.3	410908.1	240	1		True		True		True		(0.0, 0.0, 0.0)		0.4065818		0		NE
86		413667.6	415344.9	240	1		True		True		True		(0.0, 0.0, 0.0)		0.3638582		0		SE
87		417682.9	418537.7	280	1		True		True		True		(0.0, 0.0, 0.0)		0.3583294		0		NE
88		421709.4	422691.1	280	1		False		False		True		(0.0, 0.0, 0.0)		0.7119526		0		SW
89		425729.8	427156.6	240	1		True		True		True		(0.0, 0.0, 0.0)		0.5779206		0		NW
90		429755.1	432966.8	240	1		True		True		True		(0.0, 0.0, 0.0)		0.3644029		0		NE
91		434586.9	435523.8	280	1		True		True		True		(0.0, 0.0, 0.0)		0.8205959		0		SW
92		438607.4	442408.3	280	1		True		True		True		(0.0, 0.0, 0.0)		0.6425666		0		NE
93		443998.4	445127.1	320	1		True		True		True		(0.0, 0.0, 0.0)		0.7555965		0		NE
94		448016	450446.1	320	1		False		False		True		(0.0, 0.0, 0.0)		0.4796335		0		NW
95		452186.4	455814.4	280	1		False		False		True		(0.0, 0.0, 0.0)		0.7050939		0		SW
96		457475.3	459103.3	240	1		False		False		False		(0.0, 0.0, 0.0)		0.6755354		0		SW
97		461494	463524	200	1		True		True		True		(0.0, 0.0, 0.0)		0.2815223		0		NW
98		465711.5	468028	200	1		True		True		True		(0.0, 0.0, 0.0)		0.8207045		0		NE
99		470004.6	472225.5	240	1		False		False		True		(0.0, 0.0, 0.0)		0.7217865		0		SE
100		474380.7	475862.8	200	1		True		True		True		(0.0, 0.0, 0.0)		0.7604967		0		NW
101		478400.5	481911	200	1		True		True		True		(0.0, 0.0, 0.0)		0.6333009		0		NE
102		483521.9	484487.1	240	1		True		True		True		(0.0, 0.0, 0.0)		0.5094244		0		SE
103		487544.9	489373.6	240	1		False		False		True		(0.0, 0.0, 0.0)		0.5969155		0		SW
104		491629.8	493449	200	1		True		True		True		(0.0, 0.0, 0.0)		0.1597249		0		SW
105		495645.9	496804	200	1		True		True		True		(0.0, 0.0, 0.0)		0.3012455		0		SE
106		499662.9	501091.5	240	1		False		False		True		(0.0, 0.0, 0.0)		0.5757502		0		NE
107		503681.1	504974.5	200	1		False		False		True		(0.0, 0.0, 0.0)		0.4449624		0		SW
108		507699.9	510042.4	160	1		True		True		True		(0.0, 0.0, 0.0)		0.1338367		0		NE
109		515740.4	517583.3	160	1		True		True		True		(0.0, 0.0, 0.0)		0.8913878		0		SE
110		519760.5	520894.8	200	1		True		True		True		(0.0, 0.0, 0.0)		0.6146788		0		SE
111		523782	524725.7	200	1		True		True		True		(0.0, 0.0, 0.0)		0.418348		0		SE
112		527812.9	530853.1	240	1		True		True		True		(0.0, 0.0, 0.0)		0.7093622		0		NE
113		533310.8	534066.1	240	1		True		True		True		(0.0, 0.0, 0.0)		0.7266797		0		SW
114		537331.5	538308.8	280	1		False		False		True		(0.0, 0.0, 0.0)		0.4963573		0		SW
115		541356.8	543069.8	240	1		False		False		True		(0.0, 0.0, 0.0)		0.8616391		0		SE
116		545368.4	547220.7	200	1		False		False		True		(0.0, 0.0, 0.0)		0.8525472		0		SE
117		549457.7	550559.1	160	1		True		True		True		(0.0, 0.0, 0.0)		1.203964		0		NE
118		553481.4	554830.7	160	1		True		True		True		(0.0, 0.0, 0.0)		0.177273		0		SE
119		557506.9	559428.1	200	1		True		True		True		(0.0, 0.0, 0.0)		0.5700213		0		NE
120		561823.2	564264	200	1		False		False		True		(0.0, 0.0, 0.0)		0.8069808		0		SE
121		565945.3	567008.9	160	1		True		True		True		(0.0, 0.0, 0.0)		0.7170838		0		NE
122		569964.8	570799.9	160	1		True		True		True		(0.0, 0.0, 0.0)		0.3620936		0		NE
123		573987.4	575206.8	200	1		True		True		True		(0.0, 0.0, 0.0)		0.3129361		0		SW
124		578016.5	579266	200	1		True		True		True		(0.0, 0.0, 0.0)		0.3570429		0		NW
125		582039.3	583544.8	240	1		True		True		True		(0.0, 0.0, 0.0)		0.6800168		0		NE
126		586054.8	587370.9	240	1		False		False		True		(0.0, 0.0, 0.0)		0.2726328		0		NW
127		590191.6	591440.8	200	1		True		True		True		(0.0, 0.0, 0.0)		0.6366886		0		SE
128		594212.4	595357.4	200	1		False		False		True		(0.0, 0.0, 0.0)		0.8061402		0		SE
129		598232.3	599242.1	160	1		True		True		True		(0.0, 0.0, 0.0)		0.5460947		0		SE
130		602254.1	603273.3	160	1		True		True		True		(0.0, 0.0, 0.0)		0.7160925		0		NE
131		607622.8	610783.3	200	1		True		True		True		(0.0, 0.0, 0.0)		1.463735		0		NE
132		616419.4	617307.6	200	1		True		True		True		(0.0, 0.0, 0.0)		0.08091077		0		SE
133		620433.3	621517.4	240	1		True		True		True		(0.0, 0.0, 0.0)		0.6776394		0		NW
134		624453.7	628375.2	240	1		False		False		True		(0.0, 0.0, 0.0)		0.6008756		0		SE
135		631006.9	631879.4	200	1		True		True		True		(0.0, 0.0, 0.0)		1.097704		0		SW
136		639833.6	641536.1	200	1		True		True		True		(0.0, 0.0, 0.0)		0.9614602		0		SE
137		643852.3	645107.3	240	1		True		True		True		(0.0, 0.0, 0.0)		0.514905		0		SE
138		647873.8	649151.9	240	1		True		True		True		(0.0, 0.0, 0.0)		0.4719669		0		NW
139		651942.4	653151.9	280	1		True		True		True		(0.0, 0.0, 0.0)		0.4036139		0		SE
140		655962	657080.5	280	1		False		False		True		(0.0, 0.0, 0.0)		0.7481713		0		SE
141		659984.8	661046.2	240	1		False		False		True		(0.0, 0.0, 0.0)		0.6797093		0		NE
142		664003.6	667830.1	200	1		False		False		True		(0.0, 0.0, 0.0)		0.618027		0		SE
143		673904.9	675278	160	1		True		True		True		(0.0, 0.0, 0.0)		1.182199		0		NE
144		678237.6	679669.5	160	1		True		True		True		(0.0, 0.0, 0.0)		0.7882901		0		NE
145		686993.3	688815.1	200	1		True		True		True		(0.0, 0.0, 0.0)		0.8163307		0		NE
146		691014.3	692332.5	200	1		True		True		True		(0.0, 0.0, 0.0)		0.3421407		0		NW
147		699045	700861	240	1		True		True		True		(0.0, 0.0, 0.0)		0.5362535		0		NW
148		703060.4	704127.7	240	1		True		True		True		(0.0, 0.0, 0.0)		0.8075494		0		NE
149		707076.3	708679.5	280	1		True		True		True		(0.0, 0.0, 0.0)		0.5475037		0		SW
150		711634.1	712769.3	280	1		True		True		True		(0.0, 0.0, 0.0)		0.4506936		0		NW
151		715654	717450.3	320	1		True		True		True		(0.0, 0.0, 0.0)		0.6304674		0		SE
152		719674.8	721209.6	320	1		True		True		True		(0.0, 0.0, 0.0)		0.6040701		0		NW
153		723684.6	726063.8	338	1		True		True		True		(0.0, 0.0, 0.0)		0.5327013		0		NE
154		727704.3	730092.6	338	1		False		False		True		(0.0, 0.0, 0.0)		0.5000309		0		NE
155		732563.8	734462	320	1		True		True		True		(0.0, 0.0, 0.0)		0.2834636		0		SE
156		736594.2	739290.2	320	1		True		True		True		(0.0, 0.0, 0.0)		0.6156479		0		SE
157		740847.6	742847.4	338	1		True		True		True		(0.0, 0.0, 0.0)		0.4246404		0		SW
158		746029.8	747762	338	1		False		False		True		(0.0, 0.0, 0.0)		0.7533491		0		NW
159		750050.4	752163.1	320	1		False		False		True		(0.0, 0.0, 0.0)		0.3692536		0		SW
160		754069.1	756114.4	280	1		True		True		True		(0.0, 0.0, 0.0)		0.7209918		0		NW
161		758092	759782.6	280	1		True		True		True		(0.0, 0.0, 0.0)		0.5765064		0		SW
162		762112.8	764258.9	320	1		True		True		True		(0.0, 0.0, 0.0)		0.3533331		0		NW
163		766121.3	767843	320	1		False		False		True		(0.0, 0.0, 0.0)		0.1701808		0		NE
164		770504.5	772411.7	280	1		True		True		True		(0.0, 0.0, 0.0)		0.2953949		0		NW
165		774516.7	776675.8	280	1		False		False		True		(0.0, 0.0, 0.0)		0.1675556		0		NW
166		778544.3	780448.2	240	1		True		True		True		(0.0, 0.0, 0.0)		0.1832641		0		SE
167		782573.7	784821.6	240	1		True		True		True		(0.0, 0.0, 0.0)		0.3986713		0		SE
168		791027.8	793015.7	280	1		True		True		True		(0.0, 0.0, 0.0)		0.4078601		0		SW
169		795053.5	800156.9	280	1		True		True		True		(0.0, 0.0, 0.0)		0.4042128		0		NE
170		802911.4	804084.4	320	1		True		True		True		(0.0, 0.0, 0.0)		0.4676394		0		SW
171		806939.6	809913.9	320	1		True		True		True		(0.0, 0.0, 0.0)		0.4942338		0		SW
172		811579.1	813369.4	338	1		False		False		True		(0.0, 0.0, 0.0)		0.337701		0		NE
173		815603.6	817317.7	320	1		True		True		True		(0.0, 0.0, 0.0)		0.4056926		0		SW
174		820092.3	822686.3	320	1		True		True		True		(0.0, 0.0, 0.0)		0.5068801		0		SE
175		824320.6	826513.7	338	1		True		True		True		(0.0, 0.0, 0.0)		0.3482256		0		SE
176		828332.6	830510.4	338	1		True		True		True		(0.0, 0.0, 0.0)		0.3347114		0		SW
177		832356.8	834385.3	338	1		False		False		True		(0.0, 0.0, 0.0)		0.3833998		0		NE
178		837261.8	839013.2	320	1		False		False		True		(0.0, 0.0, 0.0)		0.5074716		0		SW
179		845315.4	849274.4	280	1		False		False		True		(0.0, 0.0, 0.0)		0.5956132		0		SE
180		850928.8	851874.4	240	1		True		True		True		(0.0, 0.0, 0.0)		0.246156		0		NW
181		854949.4	855905.1	240	1		True		True		True		(0.0, 0.0, 0.0)		0.5993537		0		NE
182		858970.7	861306.9	280	1		True		True		True		(0.0, 0.0, 0.0)		0.5224645		0		NE
183		863002.9	864382.7	280	1		False		False		True		(0.0, 0.0, 0.0)		0.5124432		0		NW
184		868466.5	869736.7	240	1		True		True		True		(0.0, 0.0, 0.0)		0.515525		0		SE
185		877245.8	878343.3	240	1		True		True		True		(0.0, 0.0, 0.0)		0.2105905		0		NW
186		881261.6	882652.8	280	1		False		False		True		(0.0, 0.0, 0.0)		0.5191242		0		NE
187		887216.1	888417.3	240	1		False		False		True		(0.0, 0.0, 0.0)		0.663466		0		NW
188		891236.5	892045.3	200	1		True		True		True		(0.0, 0.0, 0.0)		0.08213431		0		NE
189		895255.4	896267.4	200	1		True		True		True		(0.0, 0.0, 0.0)		0.3937619		0		SE
190		899269.8	900720.1	240	1		True		True		True		(0.0, 0.0, 0.0)		0.4039849		0		SE
191		903286.9	904776.3	240	1		True		True		True		(0.0, 0.0, 0.0)		0.4280788		0		SW
192		907311.2	908574.7	280	1		False		False		True		(0.0, 0.0, 0.0)		0.5927407		0		SE
193		911326.4	912361.3	240	1		True		True		True		(0.0, 0.0, 0.0)		0.7126049		0		NW
194		915341.9	916558.6	240	1		False		False		True		(0.0, 0.0, 0.0)		0.5778022		0		SE
195		919365.6	920366.6	200	1		True		True		True		(0.0, 0.0, 0.0)		0.4516636		0		NE
196		923392.2	924929.6	200	1		True		True		True		(0.0, 0.0, 0.0)		0.4611846		0		NW
197		927423.5	929546.9	240	1		False		False		True		(0.0, 0.0, 0.0)		0.50523		0		SW
198		931460.9	933105	200	1		False		False		True		(0.0, 0.0, 0.0)		0.5537116		0		SE
199		935583.7	936804.3	160	1		True		True		True		(0.0, 0.0, 0.0)		0.2576112		0		SE
200		939614.1	941429.3	160	1		False		False		True		(0.0, 0.0, 0.0)		0.4759148		0		SW
201		947671.1	948498.5	120	1		True		True		True		(0.0, 0.0, 0.0)		0.4139768		0		SW
202		951690.7	952707.4	120	1		True		True		True		(0.0, 0.0, 0.0)		0.245377		0		SW
203		955711.3	957401	160	1		True		True		True		(0.0, 0.0, 0.0)		0.3837286		0		NE
204		960082.2	962304.8	160	1		False		False		True		(0.0, 0.0, 0.0)		0.3221858		0		NW
205		964102.7	965219.4	120	1		True		True		True		(0.0, 0.0, 0.0)		0.09341953		0		SW
206		972143.8	973154.9	120	1		True		True		True		(0.0, 0.0, 0.0)		0.2644238		0		NW
207		976164.9	977154.6	160	1		True		True		True		(0.0, 0.0, 0.0)		0.5276099		0		SE
208		980184.5	982229.8	160	1		True		True		True		(0.0, 0.0, 0.0)		0.5544392		0		NE
209		984810.9	987044.1	200	1		False		False		True		(0.0, 0.0, 0.0)		0.8040721		0		NE
210		988819.1	989915.5	160	1		True		True		True		(0.0, 0.0, 0.0)		0.0939783		0		SW
211		992830.6	994223.7	160	1		True		True		True		(0.0, 0.0, 0.0)		0.1949549		0		SE
212		996849.9	997914.2	200	1		False		False		True		(0.0, 0.0, 0.0)		0.3226599		0		SW
213		1000880	1001864	160	1		True		True		True		(0.0, 0.0, 0.0)		0.4028833		0		NW
214		1013061	1015819	160	1		True		True		True		(0.0, 0.0, 0.0)		0.3884609		0		NE
215		1018181	1020407	200	1		False		False		True		(0.0, 0.0, 0.0)		0.7131726		0		SE
216		1022206	1024599	160	1		True		True		True		(0.0, 0.0, 0.0)		0.3588707		0		NE
217		1027047	1027955	160	1		True		True		True		(0.0, 0.0, 0.0)		0.4938223		0		SW
218		1031075	1032120	200	1		False		False		True		(0.0, 0.0, 0.0)		0.1416335		0		SW
219		1035089	1035973	160	1		True		True		True		(0.0, 0.0, 0.0)		0.2116025		0		NW
220		1039117	1043840	160	1		True		True		True		(0.0, 0.0, 0.0)		0.766361		0		NE
221		1045423	1046256	200	1		True		True		True		(0.0, 0.0, 0.0)		0.5289807		0		NW
222		1049437	1052694	200	1		True		True		True		(0.0, 0.0, 0.0)		0.8349744		0		NE
223		1062684	1063637	240	1		False		False		True		(0.0, 0.0, 0.0)		0.4962949		0		NW
224		1066706	1069316	200	1		True		True		True		(0.0, 0.0, 0.0)		0.2390995		0		NE
225		1071539	1072759	200	1		False		False		True		(0.0, 0.0, 0.0)		0.3235777		0		NE
226		1075559	1076745	160	1		False		False		True		(0.0, 0.0, 0.0)		0.3674119		0		SE
227		1083590	1084399	120	1		True		True		True		(0.0, 0.0, 0.0)		0.2825629		0		SE
228		1087614	1088485	120	1		True		True		True		(0.0, 0.0, 0.0)		0.889444		0		SW
229		1091636	1092461	160	1		True		True		True		(0.0, 0.0, 0.0)		0.3746662		0		SE
230		1095651	1096501	160	1		True		True		True		(0.0, 0.0, 0.0)		0.6219799		0		NW
231		1099674	1101031	200	1		False		False		True		(0.0, 0.0, 0.0)		0.2292005		0		NW
232		1104698	1105519	160	1		True		True		True		(0.0, 0.0, 0.0)		0.4174179		0		NW
233		1108719	1109876	160	1		True		True		True		(0.0, 0.0, 0.0)		0.6368902		0		NW
234		1112738	1113855	200	1		True		True		True		(0.0, 0.0, 0.0)		0.1412904		0		SW
235		1116771	1117670	200	1		True		True		True		(0.0, 0.0, 0.0)		0.5798938		0		SE
236		1120801	1122656	240	1		False		False		True		(0.0, 0.0, 0.0)		0.4901435		0		SW
237		1124811	1126424	200	1		True		True		True		(0.0, 0.0, 0.0)		0.6490669		0		SW
238		1128842	1131044	200	1		False		False		True		(0.0, 0.0, 0.0)		0.6810035		0		SE
239		1132853	1133720	160	1		True		True		True		(0.0, 0.0, 0.0)		0.6110984		0		NW
240		1137561	1138395	160	1		True		True		True		(0.0, 0.0, 0.0)		0.4372613		0		NW
241		1141587	1143475	200	1		True		True		True		(0.0, 0.0, 0.0)		0.8470644		0		NE
242		1145611	1146568	200	1		False		False		True		(0.0, 0.0, 0.0)		0.880071		0		NW
243		1149639	1150667	160	1		True		True		True		(0.0, 0.0, 0.0)		0.3491813		0		NW
244		1153671	1154587	160	1		True		True		True		(0.0, 0.0, 0.0)		0.9209563		0		SW
245		1157690	1158763	200	1		True		True		True		(0.0, 0.0, 0.0)		0.6185462		0		SW
246		1169736	1170725	200	1		True		True		True		(0.0, 0.0, 0.0)		0.572662		0		SE
247		1173757	1175612	240	1		False		False		True		(0.0, 0.0, 0.0)		0.2652723		0		SW
248		1177777	1178968	200	1		True		True		True		(0.0, 0.0, 0.0)		0.2849468		0		NW
249		1181798	1183554	200	1		True		True		True		(0.0, 0.0, 0.0)		0.171358		0		SE
250		1186779	1187912	240	1		True		True		True		(0.0, 0.0, 0.0)		0.466769		0		SE
251		1190799	1192020	240	1		True		True		True		(0.0, 0.0, 0.0)		0.5570057		0		SW
252		1194809	1196075	280	1		True		True		True		(0.0, 0.0, 0.0)		0.6173421		0		SE
253		1198822	1200513	280	1		False		False		True		(0.0, 0.0, 0.0)		0.3298614		0		SW
254		1202828	1204060	240	1		False		False		True		(0.0, 0.0, 0.0)		0.3014294		0		SW
255		1207226	1208294	200	1		True		True		True		(0.0, 0.0, 0.0)		0.6662825		0		SE
256		1211248	1213143	200	1		True		True		True		(0.0, 0.0, 0.0)		0.4506929		0		NW
257		1215570	1217289	240	1		True		True		True		(0.0, 0.0, 0.0)		0.6534469		0		NE
258		1219592	1221185	240	1		True		True		True		(0.0, 0.0, 0.0)		0.5137302		0		NW
259		1227639	1230104	280	1		False		False		True		(0.0, 0.0, 0.0)		0.528495		0		NW
260		1231793	1234176	240	1		True		True		True		(0.0, 0.0, 0.0)		0.7957665		0		NW
261		1235813	1237691	240	1		True		True		True		(0.0, 0.0, 0.0)		0.4479345		0		SW
262		1240084	1241877	280	1		True		True		True		(0.0, 0.0, 0.0)		0.3101429		0		NE
263		1244098	1245826	280	1		True		True		True		(0.0, 0.0, 0.0)		0.5587791		0		SE
264		1248125	1249850	320	1		True		True		True		(0.0, 0.0, 0.0)		0.8739234		0		SE
265		1252140	1253971	320	1		False		False		True		(0.0, 0.0, 0.0)		0.5394318		0		SE
266		1256161	1257531	280	1		True		True		True		(0.0, 0.0, 0.0)		0.727781		0		SE
267		1260185	1261707	280	1		False		False		True		(0.0, 0.0, 0.0)		0.9878153		0		NW
268		1264190	1267022	240	1		False		False		True		(0.0, 0.0, 0.0)		0.4621903		0		SW
269		1268654	1270160	200	1		True		True		True		(0.0, 0.0, 0.0)		0.5591688		0		NW
270		1273177	1277078	200	1		True		True		True		(0.0, 0.0, 0.0)		0.588413		0		NE
271		1278718	1280134	240	1		True		True		True		(0.0, 0.0, 0.0)		0.4016967		0		NE
272		1286747	1288754	240	1		True		True		True		(0.0, 0.0, 0.0)		0.1328824		0		NW
273		1291111	1293221	280	1		True		True		True		(0.0, 0.0, 0.0)		0.1775122		0		NW
274		1295121	1298075	280	1		True		True		True		(0.0, 0.0, 0.0)		0.4076848		0		SW
275		1299591	1301625	320	1		False		False		True		(0.0, 0.0, 0.0)		0.6102567		0		NE
276		1303607	1305447	280	1		True		True		True		(0.0, 0.0, 0.0)		0.2263836		0		NW
277		1307629	1309021	280	1		True		True		True		(0.0, 0.0, 0.0)		0.3923959		0		SW
278		1311942	1313912	320	1		True		True		True		(0.0, 0.0, 0.0)		0.9470482		0		SW
279		1315958	1318598	320	1		False		False		True		(0.0, 0.0, 0.0)		0.3987528		0		SE
280		1320598	1325848	280	1		True		True		True		(0.0, 0.0, 0.0)		0.3835672		0		NE
281		1328397	1329701	280	1		True		True		True		(0.0, 0.0, 0.0)		0.6543626		0		NE
282		1332410	1335116	320	1		False		False		True		(0.0, 0.0, 0.0)		0.4514258		0		NW
283		1336826	1338091	280	1		True		True		True		(0.0, 0.0, 0.0)		0.3945394		0		SE
284		1340845	1344822	280	1		False		False		True		(0.0, 0.0, 0.0)		0.3066533		0		SE
285		1346489	1347382	240	1		True		True		True		(0.0, 0.0, 0.0)		0.6977161		0		SE
286		1350504	1352347	240	1		False		False		True		(0.0, 0.0, 0.0)		0.5034736		0		NW
287		1354536	1355905	200	1		True		True		True		(0.0, 0.0, 0.0)		0.3179013		0		NE
288		1358557	1359959	200	1		False		False		True		(0.0, 0.0, 0.0)		0.2349298		0		SE
289		1362580	1363564	160	1		True		True		True		(0.0, 0.0, 0.0)		0.7019796		0		SE
290		1366611	1367773	160	1		True		True		True		(0.0, 0.0, 0.0)		0.1707547		0		SW
291		1370638	1371664	200	1		True		True		True		(0.0, 0.0, 0.0)		0.5308471		0		SE
292		1374659	1375694	200	1		True		True		True		(0.0, 0.0, 0.0)		0.3293791		0		SE
293		1378681	1379625	240	1		True		True		True		(0.0, 0.0, 0.0)		0.6883017		0		SE
294		1382705	1384150	240	1		False		False		True		(0.0, 0.0, 0.0)		0.2732251		0		SW
295		1386725	1388003	200	1		False		False		True		(0.0, 0.0, 0.0)		0.5060471		0		NW
296		1390744	1391864	160	1		True		True		True		(0.0, 0.0, 0.0)		0.5640709		0		NW
297		1394761	1396106	160	1		False		False		True		(0.0, 0.0, 0.0)		0.04849607		0		SW
298		1398781	1399603	120	1		True		True		True		(0.0, 0.0, 0.0)		0.3536833		0		SW
299		1402797	1403669	120	1		False		False		True		(0.0, 0.0, 0.0)		0.1506045		0		SW
300		1406817	1409478	80	1		False		False		True		(0.0, 0.0, 0.0)		0.5672787		0		SW
